0	25231555
1	25241639
2	25253362
3	25262816
4	25216133
5	25281802
6	25144959
7	25230067
8	25218371
9	25257598
10	25188262
11	25290148
12	25213168
13	25324213
14	25248383
15	25283398
16	25218704
17	25289625
18	25251198
19	25280427
20	25229224
21	25227371
22	25280944
23	25280082
24	25278812
25	25226295
26	25241639
27	25253362
28	25262816
29	25216133
30	25281802
31	25144959
32	25230067
33	25218371
34	25257598
35	25188262
36	25290148
37	25213168
38	25324213
39	25248383
40	25283398
41	25218704
42	25289625
43	25251198
44	25280427
45	25229224
46	25227371
47	25280944
48	25280082
49	25278812
50	25226295
51	25241639
52	25253362
53	25262816
54	25216133
55	25281802
56	25144959
57	25230067
58	25218371
59	25257598
60	25188262
61	25290148
62	25213168
63	25324213
64	25248383
65	25283398
66	25218704
67	25289625
68	25251198
69	25280427
70	25229224
71	25227371
72	25280944
73	25280082
74	25278812
75	25226295
76	25241639
77	25253362
78	25262816
79	25216133
80	25281802
81	25144959
82	25230067
83	25218371
84	25257598
85	25188262
86	25290148
87	25213168
88	25324213
89	25248383
90	25283398
91	25218704
92	25289625
93	25251198
94	25280427
95	25229224
96	25227371
97	25280944
98	25280082
99	25278812
100	25226295
101	25241639
102	25253362
103	25262816
104	25216133
105	25281802
106	25144959
107	25230067
108	25218371
109	25257598
110	25188262
111	25290148
112	25213168
113	25324213
114	25248383
115	25283398
116	25218704
117	25289625
118	25251198
119	25280427
120	25229224
121	25227371
122	25280944
123	25280082
124	25278812
125	25226295
126	25241639
127	25253362
128	25262816
129	25216133
130	25281802
131	25144959
132	25230067
133	25218371
134	25257598
135	25188262
136	25290148
137	25213168
138	25324213
139	25248383
140	25283398
141	25218704
142	25289625
143	25251198
144	25280427
145	25229224
146	25227371
147	25280944
148	25280082
149	25278812
150	25226295
151	25241639
152	25253362
153	25262816
154	25216133
155	25281802
156	25144959
157	25230067
158	25218371
159	25257598
160	25188262
161	25290148
162	25213168
163	25324213
164	25248383
165	25283398
166	25218704
167	25289625
168	25251198
169	25280427
170	25229224
171	25227371
172	25280944
173	25280082
174	25278812
175	25226295
176	25241639
177	25253362
178	25262816
179	25216133
180	25281802
181	25144959
182	25230067
183	25218371
184	25257598
185	25188262
186	25290148
187	25213168
188	25324213
189	25248383
190	25283398
191	25218704
192	25289625
193	25251198
194	25280427
195	25229224
196	25227371
197	25280944
198	25280082
199	25278812
200	25226295
201	25241639
202	25253362
203	25262816
204	25216133
205	25281802
206	25144959
207	25230067
208	25218371
209	25257598
210	25188262
211	25290148
212	25213168
213	25324213
214	25248383
215	25283398
216	25218704
217	25289625
218	25251198
219	25280427
220	25229224
221	25227371
222	25280944
223	25280082
224	25278812
225	25226295
226	25241639
227	25253362
228	25262816
229	25216133
230	25281802
231	25144959
232	25230067
233	25218371
234	25257598
235	25188262
236	25290148
237	25213168
238	25324213
239	25248383
240	25283398
241	25218704
242	25289625
243	25251198
244	25280427
245	25229224
246	25227371
247	25280944
248	25280082
249	25278812
250	25226295
251	25241639
252	25253362
253	25262816
254	25216133
255	25281802
256	25144959
257	25230067
258	25218371
259	25257598
260	25188262
261	25290148
262	25213168
263	25324213
264	25248383
265	25283398
266	25218704
267	25289625
268	25251198
269	25280427
270	25229224
271	25227371
272	25280944
273	25280082
274	25278812
275	25226295
276	25241639
277	25253362
278	25262816
279	25216133
280	25281802
281	25144959
282	25230067
283	25218371
284	25257598
285	25188262
286	25290148
287	25213168
288	25324213
289	25248383
290	25283398
291	25218704
292	25289625
293	25251198
294	25280427
295	25229224
296	25227371
297	25280944
298	25280082
299	25278812
300	25226295
301	25241639
302	25253362
303	25262816
304	25216133
305	25281802
306	25144959
307	25230067
308	25218371
309	25257598
310	25188262
311	25290148
312	25213168
313	25324213
314	25248383
315	25283398
316	25218704
317	25289625
318	25251198
319	25280427
320	25229224
321	25227371
322	25280944
323	25280082
324	25278812
325	25226295
326	25241639
327	25253362
328	25262816
329	25216133
330	25281802
331	25144959
332	25230067
333	25218371
334	25257598
335	25188262
336	25290148
337	25213168
338	25324213
339	25248383
340	25283398
341	25218704
342	25289625
343	25251198
344	25280427
345	25229224
346	25227371
347	25280944
348	25280082
349	25278812
350	25226295
351	25241639
352	25253362
353	25262816
354	25216133
355	25281802
356	25144959
357	25230067
358	25218371
359	25257598
360	25188262
361	25290148
362	25213168
363	25324213
364	25248383
365	25283398
366	25218704
367	25289625
368	25251198
369	25280427
370	25229224
371	25227371
372	25280944
373	25280082
374	25278812
375	25226295
376	25241639
377	25253362
378	25262816
379	25216133
380	25281802
381	25144959
382	25230067
383	25218371
384	25257598
385	25188262
386	25290148
387	25213168
388	25324213
389	25248383
390	25283398
391	25218704
392	25289625
393	25251198
394	25280427
395	25229224
396	25227371
397	25280944
398	25280082
399	25278812
400	25226295
401	25241639
402	25253362
403	25262816
404	25216133
405	25281802
406	25144959
407	25230067
408	25218371
409	25257598
410	25188262
411	25290148
412	25213168
413	25324213
414	25248383
415	25283398
416	25218704
417	25289625
418	25251198
419	25280427
420	25229224
421	25227371
422	25280944
423	25280082
424	25278812
425	25226295
426	25241639
427	25253362
428	25262816
429	25216133
430	25281802
431	25144959
432	25230067
433	25218371
434	25257598
435	25188262
436	25290148
437	25213168
438	25324213
439	25248383
440	25283398
441	25218704
442	25289625
443	25251198
444	25280427
445	25229224
446	25227371
447	25280944
448	25280082
449	25278812
450	25226295
451	25241639
452	25253362
453	25262816
454	25216133
455	25281802
456	25144959
457	25230067
458	25218371
459	25257598
460	25188262
461	25290148
462	25213168
463	25324213
464	25248383
465	25283398
466	25218704
467	25289625
468	25251198
469	25280427
470	25229224
471	25227371
472	25280944
473	25280082
474	25278812
475	25226295
476	25241639
477	25253362
478	25262816
479	25216133
480	25281802
481	25144959
482	25230067
483	25218371
484	25257598
485	25188262
486	25290148
487	25213168
488	25324213
489	25248383
490	25283398
491	25218704
492	25289625
493	25251198
494	25280427
495	25229224
496	25227371
497	25280944
498	25280082
499	25278812
500	25226295
501	25241639
502	25253362
503	25262816
504	25216133
505	25281802
506	25144959
507	25230067
508	25218371
509	25257598
510	25188262
511	25290148
512	25213168
513	25324213
514	25248383
515	25283398
516	25218704
517	25289625
518	25251198
519	25280427
520	25229224
521	25227371
522	25280944
523	25280082
524	25278812
525	25226295
526	25241639
527	25253362
528	25262816
529	25216133
530	25281802
531	25144959
532	25230067
533	25218371
534	25257598
535	25188262
536	25290148
537	25213168
538	25324213
539	25248383
540	25283398
541	25218704
542	25289625
543	25251198
544	25280427
545	25229224
546	25227371
547	25280944
548	25280082
549	25278812
550	25226295
551	25241639
552	25253362
553	25262816
554	25216133
555	25281802
556	25144959
557	25230067
558	25218371
559	25257598
560	25188262
561	25290148
562	25213168
563	25324213
564	25248383
565	25283398
566	25218704
567	25289625
568	25251198
569	25280427
570	25229224
571	25227371
572	25280944
573	25280082
574	25278812
575	25226295
576	25241639
577	25253362
578	25262816
579	25216133
580	25281802
581	25144959
582	25230067
583	25218371
584	25257598
585	25188262
586	25290148
587	25213168
588	25324213
589	25248383
590	25283398
591	25218704
592	25289625
593	25251198
594	25280427
595	25229224
596	25227371
597	25280944
598	25280082
599	25278812
600	25226295
601	25241639
602	25253362
603	25262816
604	25216133
605	25281802
606	25144959
607	25230067
608	25218371
609	25257598
610	25188262
611	25290148
612	25213168
613	25324213
614	25248383
615	25283398
616	25218704
617	25289625
618	25251198
619	25280427
620	25229224
621	25227371
622	25280944
623	25280082
624	25278812
625	25226295
626	25241639
627	25253362
628	25262816
629	25216133
630	25281802
631	25144959
632	25230067
633	25218371
634	25257598
635	25188262
636	25290148
637	25213168
638	25324213
639	25248383
640	25283398
641	25218704
642	25289625
643	25251198
644	25280427
645	25229224
646	25227371
647	25280944
648	25280082
649	25278812
650	25226295
651	25241639
652	25253362
653	25262816
654	25216133
655	25281802
656	25144959
657	25230067
658	25218371
659	25257598
660	25188262
661	25290148
662	25213168
663	25324213
664	25248383
665	25283398
666	25218704
667	25289625
668	25251198
669	25280427
670	25229224
671	25227371
672	25280944
673	25280082
674	25278812
675	25226295
676	25241639
677	25253362
678	25262816
679	25216133
680	25281802
681	25144959
682	25230067
683	25218371
684	25257598
685	25188262
686	25290148
687	25213168
688	25324213
689	25248383
690	25283398
691	25218704
692	25289625
693	25251198
694	25280427
695	25229224
696	25227371
697	25280944
698	25280082
699	25278812
700	25226295
701	25241639
702	25253362
703	25262816
704	25216133
705	25281802
706	25144959
707	25230067
708	25218371
709	25257598
710	25188262
711	25290148
712	25213168
713	25324213
714	25248383
715	25283398
716	25218704
717	25289625
718	25251198
719	25280427
720	25229224
721	25227371
722	25280944
723	25280082
724	25278812
725	25226295
726	25241639
727	25253362
728	25262816
729	25216133
730	25281802
731	25144959
732	25230067
733	25218371
734	25257598
735	25188262
736	25290148
737	25213168
738	25324213
739	25248383
740	25283398
741	25218704
742	25289625
743	25251198
744	25280427
745	25229224
746	25227371
747	25280944
748	25280082
749	25278812
750	25226295
751	25241639
752	25253362
753	25262816
754	25216133
755	25281802
756	25144959
757	25230067
758	25218371
759	25257598
760	25188262
761	25290148
762	25213168
763	25324213
764	25248383
765	25283398
766	25218704
767	25289625
768	25251198
769	25280427
770	25229224
771	25227371
772	25280944
773	25280082
774	25278812
775	25226295
776	25241639
777	25253362
778	25262816
779	25216133
780	25281802
781	25144959
782	25230067
783	25218371
784	25257598
785	25188262
786	25290148
787	25213168
788	25324213
789	25248383
790	25283398
791	25218704
792	25289625
793	25251198
794	25280427
795	25229224
796	25227371
797	25280944
798	25280082
799	25278812
800	25226295
801	25241639
802	25253362
803	25262816
804	25216133
805	25281802
806	25144959
807	25230067
808	25218371
809	25257598
810	25188262
811	25290148
812	25213168
813	25324213
814	25248383
815	25283398
816	25218704
817	25289625
818	25251198
819	25280427
820	25229224
821	25227371
822	25280944
823	25280082
824	25278812
825	25226295
826	25241639
827	25253362
828	25262816
829	25216133
830	25281802
831	25144959
832	25230067
833	25218371
834	25257598
835	25188262
836	25290148
837	25213168
838	25324213
839	25248383
840	25283398
841	25218704
842	25289625
843	25251198
844	25280427
845	25229224
846	25227371
847	25280944
848	25280082
849	25278812
850	25226295
851	25241639
852	25253362
853	25262816
854	25216133
855	25281802
856	25144959
857	25230067
858	25218371
859	25257598
860	25188262
861	25290148
862	25213168
863	25324213
864	25248383
865	25283398
866	25218704
867	25289625
868	25251198
869	25280427
870	25229224
871	25227371
872	25280944
873	25280082
874	25278812
875	25226295
876	25241639
877	25253362
878	25262816
879	25216133
880	25281802
881	25144959
882	25230067
883	25218371
884	25257598
885	25188262
886	25290148
887	25213168
888	25324213
889	25248383
890	25283398
891	25218704
892	25289625
893	25251198
894	25280427
895	25229224
896	25227371
897	25280944
898	25280082
899	25278812
900	25226295
901	25241639
902	25253362
903	25262816
904	25216133
905	25281802
906	25144959
907	25230067
908	25218371
909	25257598
910	25188262
911	25290148
912	25213168
913	25324213
914	25248383
915	25283398
916	25218704
917	25289625
918	25251198
919	25280427
920	25229224
921	25227371
922	25280944
923	25280082
924	25278812
925	25226295
926	25241639
927	25253362
928	25262816
929	25216133
930	25281802
931	25144959
932	25230067
933	25218371
934	25257598
935	25188262
936	25290148
937	25213168
938	25324213
939	25248383
940	25283398
941	25218704
942	25289625
943	25251198
944	25280427
945	25229224
946	25227371
947	25280944
948	25280082
949	25278812
950	25226295
951	25241639
952	25253362
953	25262816
954	25216133
955	25281802
956	25144959
957	25230067
958	25218371
959	25257598
960	25188262
961	25290148
962	25213168
963	25324213
964	25248383
965	25283398
966	25218704
967	25289625
968	25251198
969	25280427
970	25229224
971	25227371
972	25280944
973	25280082
974	25278812
975	25226295
976	25241639
977	25253362
978	25262816
979	25216133
980	25281802
981	25144959
982	25230067
983	25218371
984	25257598
985	25188262
986	25290148
987	25213168
988	25324213
989	25248383
990	25283398
991	25218704
992	25289625
993	25251198
994	25280427
995	25229224
996	25227371
997	25280944
998	25280082
999	25278812
1000	25226295
1001	25241639
1002	25253362
1003	25262816
1004	25216133
1005	25281802
1006	25144959
1007	25230067
1008	25218371
1009	25257598
1010	25188262
1011	25290148
1012	25213168
1013	25324213
1014	25248383
1015	25283398
1016	25218704
1017	25289625
1018	25251198
1019	25280427
1020	25229224
1021	25227371
1022	25280944
1023	25280082
1024	25278812
1025	25226295
1026	25241639
1027	25253362
1028	25262816
1029	25216133
1030	25281802
1031	25144959
1032	25230067
1033	25218371
1034	25257598
1035	25188262
1036	25290148
1037	25213168
1038	25324213
1039	25248383
1040	25283398
1041	25218704
1042	25289625
1043	25251198
1044	25280427
1045	25229224
1046	25227371
1047	25280944
1048	25280082
1049	25278812
1050	25226295
1051	25241639
1052	25253362
1053	25262816
1054	25216133
1055	25281802
1056	25144959
1057	25230067
1058	25218371
1059	25257598
1060	25188262
1061	25290148
1062	25213168
1063	25324213
1064	25248383
1065	25283398
1066	25218704
1067	25289625
1068	25251198
1069	25280427
1070	25229224
1071	25227371
1072	25280944
1073	25280082
1074	25278812
1075	25226295
1076	25241639
1077	25253362
1078	25262816
1079	25216133
1080	25281802
1081	25144959
1082	25230067
1083	25218371
1084	25257598
1085	25188262
1086	25290148
1087	25213168
1088	25324213
1089	25248383
1090	25283398
1091	25218704
1092	25289625
1093	25251198
1094	25280427
1095	25229224
1096	25227371
1097	25280944
1098	25280082
1099	25278812
1100	25226295
1101	25241639
1102	25253362
1103	25262816
1104	25216133
1105	25281802
1106	25144959
1107	25230067
1108	25218371
1109	25257598
1110	25188262
1111	25290148
1112	25213168
1113	25324213
1114	25248383
1115	25283398
1116	25218704
1117	25289625
1118	25251198
1119	25280427
1120	25229224
1121	25227371
1122	25280944
1123	25280082
1124	25278812
1125	25226295
1126	25241639
1127	25253362
1128	25262816
1129	25216133
1130	25281802
1131	25144959
1132	25230067
1133	25218371
1134	25257598
1135	25188262
1136	25290148
1137	25213168
1138	25324213
1139	25248383
1140	25283398
1141	25218704
1142	25289625
1143	25251198
1144	25280427
1145	25229224
1146	25227371
1147	25280944
1148	25280082
1149	25278812
1150	25226295
1151	25241639
1152	25253362
1153	25262816
1154	25216133
1155	25281802
1156	25144959
1157	25230067
1158	25218371
1159	25257598
1160	25188262
1161	25290148
1162	25213168
1163	25324213
1164	25248383
1165	25283398
1166	25218704
1167	25289625
1168	25251198
1169	25280427
1170	25229224
1171	25227371
1172	25280944
1173	25280082
1174	25278812
1175	25226295
1176	25241639
1177	25253362
1178	25262816
1179	25216133
1180	25281802
1181	25144959
1182	25230067
1183	25218371
1184	25257598
1185	25188262
1186	25290148
1187	25213168
1188	25324213
1189	25248383
1190	25283398
1191	25218704
1192	25289625
1193	25251198
1194	25280427
1195	25229224
1196	25227371
1197	25280944
1198	25280082
1199	25278812
1200	25226295
1201	25241639
1202	25253362
1203	25262816
1204	25216133
1205	25281802
1206	25144959
1207	25230067
1208	25218371
1209	25257598
1210	25188262
1211	25290148
1212	25213168
1213	25324213
1214	25248383
1215	25283398
1216	25218704
1217	25289625
1218	25251198
1219	25280427
1220	25229224
1221	25227371
1222	25280944
1223	25280082
1224	25278812
1225	25226295
1226	25241639
1227	25253362
1228	25262816
1229	25216133
1230	25281802
1231	25144959
1232	25230067
1233	25218371
1234	25257598
1235	25188262
1236	25290148
1237	25213168
1238	25324213
1239	25248383
1240	25283398
1241	25218704
1242	25289625
1243	25251198
1244	25280427
1245	25229224
1246	25227371
1247	25280944
1248	25280082
1249	25278812
1250	25226295
1251	25241639
1252	25253362
1253	25262816
1254	25216133
1255	25281802
1256	25144959
1257	25230067
1258	25218371
1259	25257598
1260	25188262
1261	25290148
1262	25213168
1263	25324213
1264	25248383
1265	25283398
1266	25218704
1267	25289625
1268	25251198
1269	25280427
1270	25229224
1271	25227371
1272	25280944
1273	25280082
1274	25278812
1275	25226295
1276	25241639
1277	25253362
1278	25262816
1279	25216133
1280	25281802
1281	25144959
1282	25230067
1283	25218371
1284	25257598
1285	25188262
1286	25290148
1287	25213168
1288	25324213
1289	25248383
1290	25283398
1291	25218704
1292	25289625
1293	25251198
1294	25280427
1295	25229224
1296	25227371
1297	25280944
1298	25280082
1299	25278812
1300	25226295
1301	25241639
1302	25253362
1303	25262816
1304	25216133
1305	25281802
1306	25144959
1307	25230067
1308	25218371
1309	25257598
1310	25188262
1311	25290148
1312	25213168
1313	25324213
1314	25248383
1315	25283398
1316	25218704
1317	25289625
1318	25251198
1319	25280427
1320	25229224
1321	25227371
1322	25280944
1323	25280082
1324	25278812
1325	25226295
1326	25241639
1327	25253362
1328	25262816
1329	25216133
1330	25281802
1331	25144959
1332	25230067
1333	25218371
1334	25257598
1335	25188262
1336	25290148
1337	25213168
1338	25324213
1339	25248383
1340	25283398
1341	25218704
1342	25289625
1343	25251198
1344	25280427
1345	25229224
1346	25227371
1347	25280944
1348	25280082
1349	25278812
1350	25226295
1351	25241639
1352	25253362
1353	25262816
1354	25216133
1355	25281802
1356	25144959
1357	25230067
1358	25218371
1359	25257598
1360	25188262
1361	25290148
1362	25213168
1363	25324213
1364	25248383
1365	25283398
1366	25218704
1367	25289625
1368	25251198
1369	25280427
1370	25229224
1371	25227371
1372	25280944
1373	25280082
1374	25278812
1375	25226295
1376	25241639
1377	25253362
1378	25262816
1379	25216133
1380	25281802
1381	25144959
1382	25230067
1383	25218371
1384	25257598
1385	25188262
1386	25290148
1387	25213168
1388	25324213
1389	25248383
1390	25283398
1391	25218704
1392	25289625
1393	25251198
1394	25280427
1395	25229224
1396	25227371
1397	25280944
1398	25280082
1399	25278812
1400	25226295
1401	25241639
1402	25253362
1403	25262816
1404	25216133
1405	25281802
1406	25144959
1407	25230067
1408	25218371
1409	25257598
1410	25188262
1411	25290148
1412	25213168
1413	25324213
1414	25248383
1415	25283398
1416	25218704
1417	25289625
1418	25251198
1419	25280427
1420	25229224
1421	25227371
1422	25280944
1423	25280082
1424	25278812
1425	25226295
1426	25241639
1427	25253362
1428	25262816
1429	25216133
1430	25281802
1431	25144959
1432	25230067
1433	25218371
1434	25257598
1435	25188262
1436	25290148
1437	25213168
1438	25324213
1439	25248383
1440	25283398
1441	25218704
1442	25289625
1443	25251198
1444	25280427
1445	25229224
1446	25227371
1447	25280944
1448	25280082
1449	25278812
1450	25226295
1451	25241639
1452	25253362
1453	25262816
1454	25216133
1455	25281802
1456	25144959
1457	25230067
1458	25218371
1459	25257598
1460	25188262
1461	25290148
1462	25213168
1463	25324213
1464	25248383
1465	25283398
1466	25218704
1467	25289625
1468	25251198
1469	25280427
1470	25229224
1471	25227371
1472	25280944
1473	25280082
1474	25278812
1475	25226295
1476	25241639
1477	25253362
1478	25262816
1479	25216133
1480	25281802
1481	25144959
1482	25230067
1483	25218371
1484	25257598
1485	25188262
1486	25290148
1487	25213168
1488	25324213
1489	25248383
1490	25283398
1491	25218704
1492	25289625
1493	25251198
1494	25280427
1495	25229224
1496	25227371
1497	25280944
1498	25280082
1499	25278812
1500	25226295
1501	25241639
1502	25253362
1503	25262816
1504	25216133
1505	25281802
1506	25144959
1507	25230067
1508	25218371
1509	25257598
1510	25188262
1511	25290148
1512	25213168
1513	25324213
1514	25248383
1515	25283398
1516	25218704
1517	25289625
1518	25251198
1519	25280427
1520	25229224
1521	25227371
1522	25280944
1523	25280082
1524	25278812
1525	25226295
1526	25241639
1527	25253362
1528	25262816
1529	25216133
1530	25281802
1531	25144959
1532	25230067
1533	25218371
1534	25257598
1535	25188262
1536	25290148
1537	25213168
1538	25324213
1539	25248383
1540	25283398
1541	25218704
1542	25289625
1543	25251198
1544	25280427
1545	25229224
1546	25227371
1547	25280944
1548	25280082
1549	25278812
1550	25226295
1551	25241639
1552	25253362
1553	25262816
1554	25216133
1555	25281802
1556	25144959
1557	25230067
1558	25218371
1559	25257598
1560	25188262
1561	25290148
1562	25213168
1563	25324213
1564	25248383
1565	25283398
1566	25218704
1567	25289625
1568	25251198
1569	25280427
1570	25229224
1571	25227371
1572	25280944
1573	25280082
1574	25278812
1575	25226295
1576	25241639
1577	25253362
1578	25262816
1579	25216133
1580	25281802
1581	25144959
1582	25230067
1583	25218371
1584	25257598
1585	25188262
1586	25290148
1587	25213168
1588	25324213
1589	25248383
1590	25283398
1591	25218704
1592	25289625
1593	25251198
1594	25280427
1595	25229224
1596	25227371
1597	25280944
1598	25280082
1599	25278812
1600	25226295
1601	25241639
1602	25253362
1603	25262816
1604	25216133
1605	25281802
1606	25144959
1607	25230067
1608	25218371
1609	25257598
1610	25188262
1611	25290148
1612	25213168
1613	25324213
1614	25248383
1615	25283398
1616	25218704
1617	25289625
1618	25251198
1619	25280427
1620	25229224
1621	25227371
1622	25280944
1623	25280082
1624	25278812
1625	25226295
1626	25241639
1627	25253362
1628	25262816
1629	25216133
1630	25281802
1631	25144959
1632	25230067
1633	25218371
1634	25257598
1635	25188262
1636	25290148
1637	25213168
1638	25324213
1639	25248383
1640	25283398
1641	25218704
1642	25289625
1643	25251198
1644	25280427
1645	25229224
1646	25227371
1647	25280944
1648	25280082
1649	25278812
1650	25226295
1651	25241639
1652	25253362
1653	25262816
1654	25216133
1655	25281802
1656	25144959
1657	25230067
1658	25218371
1659	25257598
1660	25188262
1661	25290148
1662	25213168
1663	25324213
1664	25248383
1665	25283398
1666	25218704
1667	25289625
1668	25251198
1669	25280427
1670	25229224
1671	25227371
1672	25280944
1673	25280082
1674	25278812
1675	25226295
1676	25241639
1677	25253362
1678	25262816
1679	25216133
1680	25281802
1681	25144959
1682	25230067
1683	25218371
1684	25257598
1685	25188262
1686	25290148
1687	25213168
1688	25324213
1689	25248383
1690	25283398
1691	25218704
1692	25289625
1693	25251198
1694	25280427
1695	25229224
1696	25227371
1697	25280944
1698	25280082
1699	25278812
1700	25226295
1701	25241639
1702	25253362
1703	25262816
1704	25216133
1705	25281802
1706	25144959
1707	25230067
1708	25218371
1709	25257598
1710	25188262
1711	25290148
1712	25213168
1713	25324213
1714	25248383
1715	25283398
1716	25218704
1717	25289625
1718	25251198
1719	25280427
1720	25229224
1721	25227371
1722	25280944
1723	25280082
1724	25278812
1725	25226295
1726	25241639
1727	25253362
1728	25262816
1729	25216133
1730	25281802
1731	25144959
1732	25230067
1733	25218371
1734	25257598
1735	25188262
1736	25290148
1737	25213168
1738	25324213
1739	25248383
1740	25283398
1741	25218704
1742	25289625
1743	25251198
1744	25280427
1745	25229224
1746	25227371
1747	25280944
1748	25280082
1749	25278812
1750	25226295
1751	25241639
1752	25253362
1753	25262816
1754	25216133
1755	25281802
1756	25144959
1757	25230067
1758	25218371
1759	25257598
1760	25188262
1761	25290148
1762	25213168
1763	25324213
1764	25248383
1765	25283398
1766	25218704
1767	25289625
1768	25251198
1769	25280427
1770	25229224
1771	25227371
1772	25280944
1773	25280082
1774	25278812
1775	25226295
1776	25241639
1777	25253362
1778	25262816
1779	25216133
1780	25281802
1781	25144959
1782	25230067
1783	25218371
1784	25257598
1785	25188262
1786	25290148
1787	25213168
1788	25324213
1789	25248383
1790	25283398
1791	25218704
1792	25289625
1793	25251198
1794	25280427
1795	25229224
1796	25227371
1797	25280944
1798	25280082
1799	25278812
1800	25226295
1801	25241639
1802	25253362
1803	25262816
1804	25216133
1805	25281802
1806	25144959
1807	25230067
1808	25218371
1809	25257598
1810	25188262
1811	25290148
1812	25213168
1813	25324213
1814	25248383
1815	25283398
1816	25218704
1817	25289625
1818	25251198
1819	25280427
1820	25229224
1821	25227371
1822	25280944
1823	25280082
1824	25278812
1825	25226295
1826	25241639
1827	25253362
1828	25262816
1829	25216133
1830	25281802
1831	25144959
1832	25230067
1833	25218371
1834	25257598
1835	25188262
1836	25290148
1837	25213168
1838	25324213
1839	25248383
1840	25283398
1841	25218704
1842	25289625
1843	25251198
1844	25280427
1845	25229224
1846	25227371
1847	25280944
1848	25280082
1849	25278812
1850	25226295
1851	25241639
1852	25253362
1853	25262816
1854	25216133
1855	25281802
1856	25144959
1857	25230067
1858	25218371
1859	25257598
1860	25188262
1861	25290148
1862	25213168
1863	25324213
1864	25248383
1865	25283398
1866	25218704
1867	25289625
1868	25251198
1869	25280427
1870	25229224
1871	25227371
1872	25280944
1873	25280082
1874	25278812
1875	25226295
1876	25241639
1877	25253362
1878	25262816
1879	25216133
1880	25281802
1881	25144959
1882	25230067
1883	25218371
1884	25257598
1885	25188262
1886	25290148
1887	25213168
1888	25324213
1889	25248383
1890	25283398
1891	25218704
1892	25289625
1893	25251198
1894	25280427
1895	25229224
1896	25227371
1897	25280944
1898	25280082
1899	25278812
1900	25226295
1901	25241639
1902	25253362
1903	25262816
1904	25216133
1905	25281802
1906	25144959
1907	25230067
1908	25218371
1909	25257598
1910	25188262
1911	25290148
1912	25213168
1913	25324213
1914	25248383
1915	25283398
1916	25218704
1917	25289625
1918	25251198
1919	25280427
1920	25229224
1921	25227371
1922	25280944
1923	25280082
1924	25278812
1925	25226295
1926	25241639
1927	25253362
1928	25262816
1929	25216133
1930	25281802
1931	25144959
1932	25230067
1933	25218371
1934	25257598
1935	25188262
1936	25290148
1937	25213168
1938	25324213
1939	25248383
1940	25283398
1941	25218704
1942	25289625
1943	25251198
1944	25280427
1945	25229224
1946	25227371
1947	25280944
1948	25280082
1949	25278812
1950	25226295
1951	25241639
1952	25253362
1953	25262816
1954	25216133
1955	25281802
1956	25144959
1957	25230067
1958	25218371
1959	25257598
1960	25188262
1961	25290148
1962	25213168
1963	25324213
1964	25248383
1965	25283398
1966	25218704
1967	25289625
1968	25251198
1969	25280427
1970	25229224
1971	25227371
1972	25280944
1973	25280082
1974	25278812
1975	25226295
1976	25241639
1977	25253362
1978	25262816
1979	25216133
1980	25281802
1981	25144959
1982	25230067
1983	25218371
1984	25257598
1985	25188262
1986	25290148
1987	25213168
1988	25324213
1989	25248383
1990	25283398
1991	25218704
1992	25289625
1993	25251198
1994	25280427
1995	25229224
1996	25227371
1997	25280944
1998	25280082
1999	25278812
2000	25226295
2001	25241639
2002	25253362
2003	25262816
2004	25216133
2005	25281802
2006	25144959
2007	25230067
2008	25218371
2009	25257598
2010	25188262
2011	25290148
2012	25213168
2013	25324213
2014	25248383
2015	25283398
2016	25218704
2017	25289625
2018	25251198
2019	25280427
2020	25229224
2021	25227371
2022	25280944
2023	25280082
2024	25278812
2025	25226295
2026	25241639
2027	25253362
2028	25262816
2029	25216133
2030	25281802
2031	25144959
2032	25230067
2033	25218371
2034	25257598
2035	25188262
2036	25290148
2037	25213168
2038	25324213
2039	25248383
2040	25283398
2041	25218704
2042	25289625
2043	25251198
2044	25280427
2045	25229224
2046	25227371
2047	25280944
2048	25280082
2049	25278812
2050	25226295
2051	25241639
2052	25253362
2053	25262816
2054	25216133
2055	25281802
2056	25144959
2057	25230067
2058	25218371
2059	25257598
2060	25188262
2061	25290148
2062	25213168
2063	25324213
2064	25248383
2065	25283398
2066	25218704
2067	25289625
2068	25251198
2069	25280427
2070	25229224
2071	25227371
2072	25280944
2073	25280082
2074	25278812
2075	25226295
2076	25241639
2077	25253362
2078	25262816
2079	25216133
2080	25281802
2081	25144959
2082	25230067
2083	25218371
2084	25257598
2085	25188262
2086	25290148
2087	25213168
2088	25324213
2089	25248383
2090	25283398
2091	25218704
2092	25289625
2093	25251198
2094	25280427
2095	25229224
2096	25227371
2097	25280944
2098	25280082
2099	25278812
2100	25226295
2101	25241639
2102	25253362
2103	25262816
2104	25216133
2105	25281802
2106	25144959
2107	25230067
2108	25218371
2109	25257598
2110	25188262
2111	25290148
2112	25213168
2113	25324213
2114	25248383
2115	25283398
2116	25218704
2117	25289625
2118	25251198
2119	25280427
2120	25229224
2121	25227371
2122	25280944
2123	25280082
2124	25278812
2125	25226295
2126	25241639
2127	25253362
2128	25262816
2129	25216133
2130	25281802
2131	25144959
2132	25230067
2133	25218371
2134	25257598
2135	25188262
2136	25290148
2137	25213168
2138	25324213
2139	25248383
2140	25283398
2141	25218704
2142	25289625
2143	25251198
2144	25280427
2145	25229224
2146	25227371
2147	25280944
2148	25280082
2149	25278812
2150	25226295
2151	25241639
2152	25253362
2153	25262816
2154	25216133
2155	25281802
2156	25144959
2157	25230067
2158	25218371
2159	25257598
2160	25188262
2161	25290148
2162	25213168
2163	25324213
2164	25248383
2165	25283398
2166	25218704
2167	25289625
2168	25251198
2169	25280427
2170	25229224
2171	25227371
2172	25280944
2173	25280082
2174	25278812
2175	25226295
2176	25241639
2177	25253362
2178	25262816
2179	25216133
2180	25281802
2181	25144959
2182	25230067
2183	25218371
2184	25257598
2185	25188262
2186	25290148
2187	25213168
2188	25324213
2189	25248383
2190	25283398
2191	25218704
2192	25289625
2193	25251198
2194	25280427
2195	25229224
2196	25227371
2197	25280944
2198	25280082
2199	25278812
2200	25226295
2201	25241639
2202	25253362
2203	25262816
2204	25216133
2205	25281802
2206	25144959
2207	25230067
2208	25218371
2209	25257598
2210	25188262
2211	25290148
2212	25213168
2213	25324213
2214	25248383
2215	25283398
2216	25218704
2217	25289625
2218	25251198
2219	25280427
2220	25229224
2221	25227371
2222	25280944
2223	25280082
2224	25278812
2225	25226295
2226	25241639
2227	25253362
2228	25262816
2229	25216133
2230	25281802
2231	25144959
2232	25230067
2233	25218371
2234	25257598
2235	25188262
2236	25290148
2237	25213168
2238	25324213
2239	25248383
2240	25283398
2241	25218704
2242	25289625
2243	25251198
2244	25280427
2245	25229224
2246	25227371
2247	25280944
2248	25280082
2249	25278812
2250	25226295
2251	25241639
2252	25253362
2253	25262816
2254	25216133
2255	25281802
2256	25144959
2257	25230067
2258	25218371
2259	25257598
2260	25188262
2261	25290148
2262	25213168
2263	25324213
2264	25248383
2265	25283398
2266	25218704
2267	25289625
2268	25251198
2269	25280427
2270	25229224
2271	25227371
2272	25280944
2273	25280082
2274	25278812
2275	25226295
2276	25241639
2277	25253362
2278	25262816
2279	25216133
2280	25281802
2281	25144959
2282	25230067
2283	25218371
2284	25257598
2285	25188262
2286	25290148
2287	25213168
2288	25324213
2289	25248383
2290	25283398
2291	25218704
2292	25289625
2293	25251198
2294	25280427
2295	25229224
2296	25227371
2297	25280944
2298	25280082
2299	25278812
2300	25226295
2301	25241639
2302	25253362
2303	25262816
2304	25216133
2305	25281802
2306	25144959
2307	25230067
2308	25218371
2309	25257598
2310	25188262
2311	25290148
2312	25213168
2313	25324213
2314	25248383
2315	25283398
2316	25218704
2317	25289625
2318	25251198
2319	25280427
2320	25229224
2321	25227371
2322	25280944
2323	25280082
2324	25278812
2325	25226295
2326	25241639
2327	25253362
2328	25262816
2329	25216133
2330	25281802
2331	25144959
2332	25230067
2333	25218371
2334	25257598
2335	25188262
2336	25290148
2337	25213168
2338	25324213
2339	25248383
2340	25283398
2341	25218704
2342	25289625
2343	25251198
2344	25280427
2345	25229224
2346	25227371
2347	25280944
2348	25280082
2349	25278812
2350	25226295
2351	25241639
2352	25253362
2353	25262816
2354	25216133
2355	25281802
2356	25144959
2357	25230067
2358	25218371
2359	25257598
2360	25188262
2361	25290148
2362	25213168
2363	25324213
2364	25248383
2365	25283398
2366	25218704
2367	25289625
2368	25251198
2369	25280427
2370	25229224
2371	25227371
2372	25280944
2373	25280082
2374	25278812
2375	25226295
2376	25241639
2377	25253362
2378	25262816
2379	25216133
2380	25281802
2381	25144959
2382	25230067
2383	25218371
2384	25257598
2385	25188262
2386	25290148
2387	25213168
2388	25324213
2389	25248383
2390	25283398
2391	25218704
2392	25289625
2393	25251198
2394	25280427
2395	25229224
2396	25227371
2397	25280944
2398	25280082
2399	25278812
2400	25226295
2401	25241639
2402	25253362
2403	25262816
2404	25216133
2405	25281802
2406	25144959
2407	25230067
2408	25218371
2409	25257598
2410	25188262
2411	25290148
2412	25213168
2413	25324213
2414	25248383
2415	25283398
2416	25218704
2417	25289625
2418	25251198
2419	25280427
2420	25229224
2421	25227371
2422	25280944
2423	25280082
2424	25278812
2425	25226295
2426	25241639
2427	25253362
2428	25262816
2429	25216133
2430	25281802
2431	25144959
2432	25230067
2433	25218371
2434	25257598
2435	25188262
2436	25290148
2437	25213168
2438	25324213
2439	25248383
2440	25283398
2441	25218704
2442	25289625
2443	25251198
2444	25280427
2445	25229224
2446	25227371
2447	25280944
2448	25280082
2449	25278812
2450	25226295
2451	25241639
2452	25253362
2453	25262816
2454	25216133
2455	25281802
2456	25144959
2457	25230067
2458	25218371
2459	25257598
2460	25188262
2461	25290148
2462	25213168
2463	25324213
2464	25248383
2465	25283398
2466	25218704
2467	25289625
2468	25251198
2469	25280427
2470	25229224
2471	25227371
2472	25280944
2473	25280082
2474	25278812
2475	25226295
2476	25241639
2477	25253362
2478	25262816
2479	25216133
2480	25281802
2481	25144959
2482	25230067
2483	25218371
2484	25257598
2485	25188262
2486	25290148
2487	25213168
2488	25324213
2489	25248383
2490	25283398
2491	25218704
2492	25289625
2493	25251198
2494	25280427
2495	25229224
2496	25227371
2497	25280944
2498	25280082
2499	25278812
2500	25226295
2501	25241639
2502	25253362
2503	25262816
2504	25216133
2505	25281802
2506	25144959
2507	25230067
2508	25218371
2509	25257598
2510	25188262
2511	25290148
2512	25213168
2513	25324213
2514	25248383
2515	25283398
2516	25218704
2517	25289625
2518	25251198
2519	25280427
2520	25229224
2521	25227371
2522	25280944
2523	25280082
2524	25278812
2525	25226295
2526	25241639
2527	25253362
2528	25262816
2529	25216133
2530	25281802
2531	25144959
2532	25230067
2533	25218371
2534	25257598
2535	25188262
2536	25290148
2537	25213168
2538	25324213
2539	25248383
2540	25283398
2541	25218704
2542	25289625
2543	25251198
2544	25280427
2545	25229224
2546	25227371
2547	25280944
2548	25280082
2549	25278812
2550	25226295
2551	25241639
2552	25253362
2553	25262816
2554	25216133
2555	25281802
2556	25144959
2557	25230067
2558	25218371
2559	25257598
2560	25188262
2561	25290148
2562	25213168
2563	25324213
2564	25248383
2565	25283398
2566	25218704
2567	25289625
2568	25251198
2569	25280427
2570	25229224
2571	25227371
2572	25280944
2573	25280082
2574	25278812
2575	25226295
2576	25241639
2577	25253362
2578	25262816
2579	25216133
2580	25281802
2581	25144959
2582	25230067
2583	25218371
2584	25257598
2585	25188262
2586	25290148
2587	25213168
2588	25324213
2589	25248383
2590	25283398
2591	25218704
2592	25289625
2593	25251198
2594	25280427
2595	25229224
2596	25227371
2597	25280944
2598	25280082
2599	25278812
2600	25226295
2601	25241639
2602	25253362
2603	25262816
2604	25216133
2605	25281802
2606	25144959
2607	25230067
2608	25218371
2609	25257598
2610	25188262
2611	25290148
2612	25213168
2613	25324213
2614	25248383
2615	25283398
2616	25218704
2617	25289625
2618	25251198
2619	25280427
2620	25229224
2621	25227371
2622	25280944
2623	25280082
2624	25278812
2625	25226295
2626	25241639
2627	25253362
2628	25262816
2629	25216133
2630	25281802
2631	25144959
2632	25230067
2633	25218371
2634	25257598
2635	25188262
2636	25290148
2637	25213168
2638	25324213
2639	25248383
2640	25283398
2641	25218704
2642	25289625
2643	25251198
2644	25280427
2645	25229224
2646	25227371
2647	25280944
2648	25280082
2649	25278812
2650	25226295
2651	25241639
2652	25253362
2653	25262816
2654	25216133
2655	25281802
2656	25144959
2657	25230067
2658	25218371
2659	25257598
2660	25188262
2661	25290148
2662	25213168
2663	25324213
2664	25248383
2665	25283398
2666	25218704
2667	25289625
2668	25251198
2669	25280427
2670	25229224
2671	25227371
2672	25280944
2673	25280082
2674	25278812
2675	25226295
2676	25241639
2677	25253362
2678	25262816
2679	25216133
2680	25281802
2681	25144959
2682	25230067
2683	25218371
2684	25257598
2685	25188262
2686	25290148
2687	25213168
2688	25324213
2689	25248383
2690	25283398
2691	25218704
2692	25289625
2693	25251198
2694	25280427
2695	25229224
2696	25227371
2697	25280944
2698	25280082
2699	25278812
2700	25226295
2701	25241639
2702	25253362
2703	25262816
2704	25216133
2705	25281802
2706	25144959
2707	25230067
2708	25218371
2709	25257598
2710	25188262
2711	25290148
2712	25213168
2713	25324213
2714	25248383
2715	25283398
2716	25218704
2717	25289625
2718	25251198
2719	25280427
2720	25229224
2721	25227371
2722	25280944
2723	25280082
2724	25278812
2725	25226295
2726	25241639
2727	25253362
2728	25262816
2729	25216133
2730	25281802
2731	25144959
2732	25230067
2733	25218371
2734	25257598
2735	25188262
2736	25290148
2737	25213168
2738	25324213
2739	25248383
2740	25283398
2741	25218704
2742	25289625
2743	25251198
2744	25280427
2745	25229224
2746	25227371
2747	25280944
2748	25280082
2749	25278812
2750	25226295
2751	25241639
2752	25253362
2753	25262816
2754	25216133
2755	25281802
2756	25144959
2757	25230067
2758	25218371
2759	25257598
2760	25188262
2761	25290148
2762	25213168
2763	25324213
2764	25248383
2765	25283398
2766	25218704
2767	25289625
2768	25251198
2769	25280427
2770	25229224
2771	25227371
2772	25280944
2773	25280082
2774	25278812
2775	25226295
2776	25241639
2777	25253362
2778	25262816
2779	25216133
2780	25281802
2781	25144959
2782	25230067
2783	25218371
2784	25257598
2785	25188262
2786	25290148
2787	25213168
2788	25324213
2789	25248383
2790	25283398
2791	25218704
2792	25289625
2793	25251198
2794	25280427
2795	25229224
2796	25227371
2797	25280944
2798	25280082
2799	25278812
2800	25226295
2801	25241639
2802	25253362
2803	25262816
2804	25216133
2805	25281802
2806	25144959
2807	25230067
2808	25218371
2809	25257598
2810	25188262
2811	25290148
2812	25213168
2813	25324213
2814	25248383
2815	25283398
2816	25218704
2817	25289625
2818	25251198
2819	25280427
2820	25229224
2821	25227371
2822	25280944
2823	25280082
2824	25278812
2825	25226295
2826	25241639
2827	25253362
2828	25262816
2829	25216133
2830	25281802
2831	25144959
2832	25230067
2833	25218371
2834	25257598
2835	25188262
2836	25290148
2837	25213168
2838	25324213
2839	25248383
2840	25283398
2841	25218704
2842	25289625
2843	25251198
2844	25280427
2845	25229224
2846	25227371
2847	25280944
2848	25280082
2849	25278812
2850	25226295
2851	25241639
2852	25253362
2853	25262816
2854	25216133
2855	25281802
2856	25144959
2857	25230067
2858	25218371
2859	25257598
2860	25188262
2861	25290148
2862	25213168
2863	25324213
2864	25248383
2865	25283398
2866	25218704
2867	25289625
2868	25251198
2869	25280427
2870	25229224
2871	25227371
2872	25280944
2873	25280082
2874	25278812
2875	25226295
2876	25241639
2877	25253362
2878	25262816
2879	25216133
2880	25281802
2881	25144959
2882	25230067
2883	25218371
2884	25257598
2885	25188262
2886	25290148
2887	25213168
2888	25324213
2889	25248383
2890	25283398
2891	25218704
2892	25289625
2893	25251198
2894	25280427
2895	25229224
2896	25227371
2897	25280944
2898	25280082
2899	25278812
2900	25226295
2901	25241639
2902	25253362
2903	25262816
2904	25216133
2905	25281802
2906	25144959
2907	25230067
2908	25218371
2909	25257598
2910	25188262
2911	25290148
2912	25213168
2913	25324213
2914	25248383
2915	25283398
2916	25218704
2917	25289625
2918	25251198
2919	25280427
2920	25229224
2921	25227371
2922	25280944
2923	25280082
2924	25278812
2925	25226295
2926	25241639
2927	25253362
2928	25262816
2929	25216133
2930	25281802
2931	25144959
2932	25230067
2933	25218371
2934	25257598
2935	25188262
2936	25290148
2937	25213168
2938	25324213
2939	25248383
2940	25283398
2941	25218704
2942	25289625
2943	25251198
2944	25280427
2945	25229224
2946	25227371
2947	25280944
2948	25280082
2949	25278812
2950	25226295
2951	25241639
2952	25253362
2953	25262816
2954	25216133
2955	25281802
2956	25144959
2957	25230067
2958	25218371
2959	25257598
2960	25188262
2961	25290148
2962	25213168
2963	25324213
2964	25248383
2965	25283398
2966	25218704
2967	25289625
2968	25251198
2969	25280427
2970	25229224
2971	25227371
2972	25280944
2973	25280082
2974	25278812
2975	25226295
2976	25241639
2977	25253362
2978	25262816
2979	25216133
2980	25281802
2981	25144959
2982	25230067
2983	25218371
2984	25257598
2985	25188262
2986	25290148
2987	25213168
2988	25324213
2989	25248383
2990	25283398
2991	25218704
2992	25289625
2993	25251198
2994	25280427
2995	25229224
2996	25227371
2997	25280944
2998	25280082
2999	25278812
3000	25226295
3001	25241639
3002	25253362
3003	25262816
3004	25216133
3005	25281802
3006	25144959
3007	25230067
3008	25218371
3009	25257598
3010	25188262
3011	25290148
3012	25213168
3013	25324213
3014	25248383
3015	25283398
3016	25218704
3017	25289625
3018	25251198
3019	25280427
3020	25229224
3021	25227371
3022	25280944
3023	25280082
3024	25278812
3025	25226295
3026	25241639
3027	25253362
3028	25262816
3029	25216133
3030	25281802
3031	25144959
3032	25230067
3033	25218371
3034	25257598
3035	25188262
3036	25290148
3037	25213168
3038	25324213
3039	25248383
3040	25283398
3041	25218704
3042	25289625
3043	25251198
3044	25280427
3045	25229224
3046	25227371
3047	25280944
3048	25280082
3049	25278812
3050	25226295
3051	25241639
3052	25253362
3053	25262816
3054	25216133
3055	25281802
3056	25144959
3057	25230067
3058	25218371
3059	25257598
3060	25188262
3061	25290148
3062	25213168
3063	25324213
3064	25248383
3065	25283398
3066	25218704
3067	25289625
3068	25251198
3069	25280427
3070	25229224
3071	25227371
3072	25280944
3073	25280082
3074	25278812
3075	25226295
3076	25241639
3077	25253362
3078	25262816
3079	25216133
3080	25281802
3081	25144959
3082	25230067
3083	25218371
3084	25257598
3085	25188262
3086	25290148
3087	25213168
3088	25324213
3089	25248383
3090	25283398
3091	25218704
3092	25289625
3093	25251198
3094	25280427
3095	25229224
3096	25227371
3097	25280944
3098	25280082
3099	25278812
3100	25226295
3101	25241639
3102	25253362
3103	25262816
3104	25216133
3105	25281802
3106	25144959
3107	25230067
3108	25218371
3109	25257598
3110	25188262
3111	25290148
3112	25213168
3113	25324213
3114	25248383
3115	25283398
3116	25218704
3117	25289625
3118	25251198
3119	25280427
3120	25229224
3121	25227371
3122	25280944
3123	25280082
3124	25278812
3125	25226295
3126	25241639
3127	25253362
3128	25262816
3129	25216133
3130	25281802
3131	25144959
3132	25230067
3133	25218371
3134	25257598
3135	25188262
3136	25290148
3137	25213168
3138	25324213
3139	25248383
3140	25283398
3141	25218704
3142	25289625
3143	25251198
3144	25280427
3145	25229224
3146	25227371
3147	25280944
3148	25280082
3149	25278812
3150	25226295
3151	25241639
3152	25253362
3153	25262816
3154	25216133
3155	25281802
3156	25144959
3157	25230067
3158	25218371
3159	25257598
3160	25188262
3161	25290148
3162	25213168
3163	25324213
3164	25248383
3165	25283398
3166	25218704
3167	25289625
3168	25251198
3169	25280427
3170	25229224
3171	25227371
3172	25280944
3173	25280082
3174	25278812
3175	25226295
3176	25241639
3177	25253362
3178	25262816
3179	25216133
3180	25281802
3181	25144959
3182	25230067
3183	25218371
3184	25257598
3185	25188262
3186	25290148
3187	25213168
3188	25324213
3189	25248383
3190	25283398
3191	25218704
3192	25289625
3193	25251198
3194	25280427
3195	25229224
3196	25227371
3197	25280944
3198	25280082
3199	25278812
3200	25226295
3201	25241639
3202	25253362
3203	25262816
3204	25216133
3205	25281802
3206	25144959
3207	25230067
3208	25218371
3209	25257598
3210	25188262
3211	25290148
3212	25213168
3213	25324213
3214	25248383
3215	25283398
3216	25218704
3217	25289625
3218	25251198
3219	25280427
3220	25229224
3221	25227371
3222	25280944
3223	25280082
3224	25278812
3225	25226295
3226	25241639
3227	25253362
3228	25262816
3229	25216133
3230	25281802
3231	25144959
3232	25230067
3233	25218371
3234	25257598
3235	25188262
3236	25290148
3237	25213168
3238	25324213
3239	25248383
3240	25283398
3241	25218704
3242	25289625
3243	25251198
3244	25280427
3245	25229224
3246	25227371
3247	25280944
3248	25280082
3249	25278812
3250	25226295
3251	25241639
3252	25253362
3253	25262816
3254	25216133
3255	25281802
3256	25144959
3257	25230067
3258	25218371
3259	25257598
3260	25188262
3261	25290148
3262	25213168
3263	25324213
3264	25248383
3265	25283398
3266	25218704
3267	25289625
3268	25251198
3269	25280427
3270	25229224
3271	25227371
3272	25280944
3273	25280082
3274	25278812
3275	25226295
3276	25241639
3277	25253362
3278	25262816
3279	25216133
3280	25281802
3281	25144959
3282	25230067
3283	25218371
3284	25257598
3285	25188262
3286	25290148
3287	25213168
3288	25324213
3289	25248383
3290	25283398
3291	25218704
3292	25289625
3293	25251198
3294	25280427
3295	25229224
3296	25227371
3297	25280944
3298	25280082
3299	25278812
3300	25226295
3301	25241639
3302	25253362
3303	25262816
3304	25216133
3305	25281802
3306	25144959
3307	25230067
3308	25218371
3309	25257598
3310	25188262
3311	25290148
3312	25213168
3313	25324213
3314	25248383
3315	25283398
3316	25218704
3317	25289625
3318	25251198
3319	25280427
3320	25229224
3321	25227371
3322	25280944
3323	25280082
3324	25278812
3325	25226295
3326	25241639
3327	25253362
3328	25262816
3329	25216133
3330	25281802
3331	25144959
3332	25230067
3333	25218371
3334	25257598
3335	25188262
3336	25290148
3337	25213168
3338	25324213
3339	25248383
3340	25283398
3341	25218704
3342	25289625
3343	25251198
3344	25280427
3345	25229224
3346	25227371
3347	25280944
3348	25280082
3349	25278812
3350	25226295
3351	25241639
3352	25253362
3353	25262816
3354	25216133
3355	25281802
3356	25144959
3357	25230067
3358	25218371
3359	25257598
3360	25188262
3361	25290148
3362	25213168
3363	25324213
3364	25248383
3365	25283398
3366	25218704
3367	25289625
3368	25251198
3369	25280427
3370	25229224
3371	25227371
3372	25280944
3373	25280082
3374	25278812
3375	25226295
3376	25241639
3377	25253362
3378	25262816
3379	25216133
3380	25281802
3381	25144959
3382	25230067
3383	25218371
3384	25257598
3385	25188262
3386	25290148
3387	25213168
3388	25324213
3389	25248383
3390	25283398
3391	25218704
3392	25289625
3393	25251198
3394	25280427
3395	25229224
3396	25227371
3397	25280944
3398	25280082
3399	25278812
3400	25226295
3401	25241639
3402	25253362
3403	25262816
3404	25216133
3405	25281802
3406	25144959
3407	25230067
3408	25218371
3409	25257598
3410	25188262
3411	25290148
3412	25213168
3413	25324213
3414	25248383
3415	25283398
3416	25218704
3417	25289625
3418	25251198
3419	25280427
3420	25229224
3421	25227371
3422	25280944
3423	25280082
3424	25278812
3425	25226295
3426	25241639
3427	25253362
3428	25262816
3429	25216133
3430	25281802
3431	25144959
3432	25230067
3433	25218371
3434	25257598
3435	25188262
3436	25290148
3437	25213168
3438	25324213
3439	25248383
3440	25283398
3441	25218704
3442	25289625
3443	25251198
3444	25280427
3445	25229224
3446	25227371
3447	25280944
3448	25280082
3449	25278812
3450	25226295
3451	25241639
3452	25253362
3453	25262816
3454	25216133
3455	25281802
3456	25144959
3457	25230067
3458	25218371
3459	25257598
3460	25188262
3461	25290148
3462	25213168
3463	25324213
3464	25248383
3465	25283398
3466	25218704
3467	25289625
3468	25251198
3469	25280427
3470	25229224
3471	25227371
3472	25280944
3473	25280082
3474	25278812
3475	25226295
3476	25241639
3477	25253362
3478	25262816
3479	25216133
3480	25281802
3481	25144959
3482	25230067
3483	25218371
3484	25257598
3485	25188262
3486	25290148
3487	25213168
3488	25324213
3489	25248383
3490	25283398
3491	25218704
3492	25289625
3493	25251198
3494	25280427
3495	25229224
3496	25227371
3497	25280944
3498	25280082
3499	25278812
3500	25226295
3501	25241639
3502	25253362
3503	25262816
3504	25216133
3505	25281802
3506	25144959
3507	25230067
3508	25218371
3509	25257598
3510	25188262
3511	25290148
3512	25213168
3513	25324213
3514	25248383
3515	25283398
3516	25218704
3517	25289625
3518	25251198
3519	25280427
3520	25229224
3521	25227371
3522	25280944
3523	25280082
3524	25278812
3525	25226295
3526	25241639
3527	25253362
3528	25262816
3529	25216133
3530	25281802
3531	25144959
3532	25230067
3533	25218371
3534	25257598
3535	25188262
3536	25290148
3537	25213168
3538	25324213
3539	25248383
3540	25283398
3541	25218704
3542	25289625
3543	25251198
3544	25280427
3545	25229224
3546	25227371
3547	25280944
3548	25280082
3549	25278812
3550	25226295
3551	25241639
3552	25253362
3553	25262816
3554	25216133
3555	25281802
3556	25144959
3557	25230067
3558	25218371
3559	25257598
3560	25188262
3561	25290148
3562	25213168
3563	25324213
3564	25248383
3565	25283398
3566	25218704
3567	25289625
3568	25251198
3569	25280427
3570	25229224
3571	25227371
3572	25280944
3573	25280082
3574	25278812
3575	25226295
3576	25241639
3577	25253362
3578	25262816
3579	25216133
3580	25281802
3581	25144959
3582	25230067
3583	25218371
3584	25257598
3585	25188262
3586	25290148
3587	25213168
3588	25324213
3589	25248383
3590	25283398
3591	25218704
3592	25289625
3593	25251198
3594	25280427
3595	25229224
3596	25227371
3597	25280944
3598	25280082
3599	25278812
3600	25226295
3601	25241639
3602	25253362
3603	25262816
3604	25216133
3605	25281802
3606	25144959
3607	25230067
3608	25218371
3609	25257598
3610	25188262
3611	25290148
3612	25213168
3613	25324213
3614	25248383
3615	25283398
3616	25218704
3617	25289625
3618	25251198
3619	25280427
3620	25229224
3621	25227371
3622	25280944
3623	25280082
3624	25278812
3625	25226295
3626	25241639
3627	25253362
3628	25262816
3629	25216133
3630	25281802
3631	25144959
3632	25230067
3633	25218371
3634	25257598
3635	25188262
3636	25290148
3637	25213168
3638	25324213
3639	25248383
3640	25283398
3641	25218704
3642	25289625
3643	25251198
3644	25280427
3645	25229224
3646	25227371
3647	25280944
3648	25280082
3649	25278812
3650	25226295
3651	25241639
3652	25253362
3653	25262816
3654	25216133
3655	25281802
3656	25144959
3657	25230067
3658	25218371
3659	25257598
3660	25188262
3661	25290148
3662	25213168
3663	25324213
3664	25248383
3665	25283398
3666	25218704
3667	25289625
3668	25251198
3669	25280427
3670	25229224
3671	25227371
3672	25280944
3673	25280082
3674	25278812
3675	25226295
3676	25241639
3677	25253362
3678	25262816
3679	25216133
3680	25281802
3681	25144959
3682	25230067
3683	25218371
3684	25257598
3685	25188262
3686	25290148
3687	25213168
3688	25324213
3689	25248383
3690	25283398
3691	25218704
3692	25289625
3693	25251198
3694	25280427
3695	25229224
3696	25227371
3697	25280944
3698	25280082
3699	25278812
3700	25226295
3701	25241639
3702	25253362
3703	25262816
3704	25216133
3705	25281802
3706	25144959
3707	25230067
3708	25218371
3709	25257598
3710	25188262
3711	25290148
3712	25213168
3713	25324213
3714	25248383
3715	25283398
3716	25218704
3717	25289625
3718	25251198
3719	25280427
3720	25229224
3721	25227371
3722	25280944
3723	25280082
3724	25278812
3725	25226295
3726	25241639
3727	25253362
3728	25262816
3729	25216133
3730	25281802
3731	25144959
3732	25230067
3733	25218371
3734	25257598
3735	25188262
3736	25290148
3737	25213168
3738	25324213
3739	25248383
3740	25283398
3741	25218704
3742	25289625
3743	25251198
3744	25280427
3745	25229224
3746	25227371
3747	25280944
3748	25280082
3749	25278812
3750	25226295
3751	25241639
3752	25253362
3753	25262816
3754	25216133
3755	25281802
3756	25144959
3757	25230067
3758	25218371
3759	25257598
3760	25188262
3761	25290148
3762	25213168
3763	25324213
3764	25248383
3765	25283398
3766	25218704
3767	25289625
3768	25251198
3769	25280427
3770	25229224
3771	25227371
3772	25280944
3773	25280082
3774	25278812
3775	25226295
3776	25241639
3777	25253362
3778	25262816
3779	25216133
3780	25281802
3781	25144959
3782	25230067
3783	25218371
3784	25257598
3785	25188262
3786	25290148
3787	25213168
3788	25324213
3789	25248383
3790	25283398
3791	25218704
3792	25289625
3793	25251198
3794	25280427
3795	25229224
3796	25227371
3797	25280944
3798	25280082
3799	25278812
3800	25226295
3801	25241639
3802	25253362
3803	25262816
3804	25216133
3805	25281802
3806	25144959
3807	25230067
3808	25218371
3809	25257598
3810	25188262
3811	25290148
3812	25213168
3813	25324213
3814	25248383
3815	25283398
3816	25218704
3817	25289625
3818	25251198
3819	25280427
3820	25229224
3821	25227371
3822	25280944
3823	25280082
3824	25278812
3825	25226295
3826	25241639
3827	25253362
3828	25262816
3829	25216133
3830	25281802
3831	25144959
3832	25230067
3833	25218371
3834	25257598
3835	25188262
3836	25290148
3837	25213168
3838	25324213
3839	25248383
3840	25283398
3841	25218704
3842	25289625
3843	25251198
3844	25280427
3845	25229224
3846	25227371
3847	25280944
3848	25280082
3849	25278812
3850	25226295
3851	25241639
3852	25253362
3853	25262816
3854	25216133
3855	25281802
3856	25144959
3857	25230067
3858	25218371
3859	25257598
3860	25188262
3861	25290148
3862	25213168
3863	25324213
3864	25248383
3865	25283398
3866	25218704
3867	25289625
3868	25251198
3869	25280427
3870	25229224
3871	25227371
3872	25280944
3873	25280082
3874	25278812
3875	25226295
3876	25241639
3877	25253362
3878	25262816
3879	25216133
3880	25281802
3881	25144959
3882	25230067
3883	25218371
3884	25257598
3885	25188262
3886	25290148
3887	25213168
3888	25324213
3889	25248383
3890	25283398
3891	25218704
3892	25289625
3893	25251198
3894	25280427
3895	25229224
3896	25227371
3897	25280944
3898	25280082
3899	25278812
3900	25226295
3901	25241639
3902	25253362
3903	25262816
3904	25216133
3905	25281802
3906	25144959
3907	25230067
3908	25218371
3909	25257598
3910	25188262
3911	25290148
3912	25213168
3913	25324213
3914	25248383
3915	25283398
3916	25218704
3917	25289625
3918	25251198
3919	25280427
3920	25229224
3921	25227371
3922	25280944
3923	25280082
3924	25278812
3925	25226295
3926	25241639
3927	25253362
3928	25262816
3929	25216133
3930	25281802
3931	25144959
3932	25230067
3933	25218371
3934	25257598
3935	25188262
3936	25290148
3937	25213168
3938	25324213
3939	25248383
3940	25283398
3941	25218704
3942	25289625
3943	25251198
3944	25280427
3945	25229224
3946	25227371
3947	25280944
3948	25280082
3949	25278812
3950	25226295
3951	25241639
3952	25253362
3953	25262816
3954	25216133
3955	25281802
3956	25144959
3957	25230067
3958	25218371
3959	25257598
3960	25188262
3961	25290148
3962	25213168
3963	25324213
3964	25248383
3965	25283398
3966	25218704
3967	25289625
3968	25251198
3969	25280427
3970	25229224
3971	25227371
3972	25280944
3973	25280082
3974	25278812
3975	25226295
3976	25241639
3977	25253362
3978	25262816
3979	25216133
3980	25281802
3981	25144959
3982	25230067
3983	25218371
3984	25257598
3985	25188262
3986	25290148
3987	25213168
3988	25324213
3989	25248383
3990	25283398
3991	25218704
3992	25289625
3993	25251198
3994	25280427
3995	25229224
3996	25227371
3997	25280944
3998	25280082
3999	25278812
4000	25226295
4001	25241639
4002	25253362
4003	25262816
4004	25216133
4005	25281802
4006	25144959
4007	25230067
4008	25218371
4009	25257598
4010	25188262
4011	25290148
4012	25213168
4013	25324213
4014	25248383
4015	25283398
4016	25218704
4017	25289625
4018	25251198
4019	25280427
4020	25229224
4021	25227371
4022	25280944
4023	25280082
4024	25278812
4025	25226295
4026	25241639
4027	25253362
4028	25262816
4029	25216133
4030	25281802
4031	25144959
4032	25230067
4033	25218371
4034	25257598
4035	25188262
4036	25290148
4037	25213168
4038	25324213
4039	25248383
4040	25283398
4041	25218704
4042	25289625
4043	25251198
4044	25280427
4045	25229224
4046	25227371
4047	25280944
4048	25280082
4049	25278812
4050	25226295
4051	25241639
4052	25253362
4053	25262816
4054	25216133
4055	25281802
4056	25144959
4057	25230067
4058	25218371
4059	25257598
4060	25188262
4061	25290148
4062	25213168
4063	25324213
4064	25248383
4065	25283398
4066	25218704
4067	25289625
4068	25251198
4069	25280427
4070	25229224
4071	25227371
4072	25280944
4073	25280082
4074	25278812
4075	25226295
4076	25241639
4077	25253362
4078	25262816
4079	25216133
4080	25281802
4081	25144959
4082	25230067
4083	25218371
4084	25257598
4085	25188262
4086	25290148
4087	25213168
4088	25324213
4089	25248383
4090	25283398
4091	25218704
4092	25289625
4093	25251198
4094	25280427
4095	25229224
