0	98414593
1	98440593
2	98772996
3	98524798
4	98644210
5	98459132
6	98696156
7	98509027
8	98394913
9	98439650
10	98472542
11	98434669
12	98499199
13	98443999
14	98411554
15	98379996
16	98312277
17	98171837
18	98366771
19	98366235
20	98624206
21	98347275
22	98434093
23	98334763
24	98276179
25	98278945
26	98397085
27	98440593
28	98772996
29	98524798
30	98644210
31	98459132
32	98696156
33	98509027
34	98394913
35	98439650
36	98472542
37	98434669
38	98499199
39	98443999
40	98411554
41	98379996
42	98312277
43	98171837
44	98366771
45	98366235
46	98624206
47	98347275
48	98434093
49	98334763
50	98276179
51	98278945
52	98397085
53	98440593
54	98772996
55	98524798
56	98644210
57	98459132
58	98696156
59	98509027
60	98394913
61	98439650
62	98472542
63	98434669
64	98499199
65	98443999
66	98411554
67	98379996
68	98312277
69	98171837
70	98366771
71	98366235
72	98624206
73	98347275
74	98434093
75	98334763
76	98276179
77	98278945
78	98397085
79	98440593
80	98772996
81	98524798
82	98644210
83	98459132
84	98696156
85	98509027
86	98394913
87	98439650
88	98472542
89	98434669
90	98499199
91	98443999
92	98411554
93	98379996
94	98312277
95	98171837
96	98366771
97	98366235
98	98624206
99	98347275
100	98434093
101	98334763
102	98276179
103	98278945
104	98397085
105	98440593
106	98772996
107	98524798
108	98644210
109	98459132
110	98696156
111	98509027
112	98394913
113	98439650
114	98472542
115	98434669
116	98499199
117	98443999
118	98411554
119	98379996
120	98312277
121	98171837
122	98366771
123	98366235
124	98624206
125	98347275
126	98434093
127	98334763
128	98276179
129	98278945
130	98397085
131	98440593
132	98772996
133	98524798
134	98644210
135	98459132
136	98696156
137	98509027
138	98394913
139	98439650
140	98472542
141	98434669
142	98499199
143	98443999
144	98411554
145	98379996
146	98312277
147	98171837
148	98366771
149	98366235
150	98624206
151	98347275
152	98434093
153	98334763
154	98276179
155	98278945
156	98397085
157	98440593
158	98772996
159	98524798
160	98644210
161	98459132
162	98696156
163	98509027
164	98394913
165	98439650
166	98472542
167	98434669
168	98499199
169	98443999
170	98411554
171	98379996
172	98312277
173	98171837
174	98366771
175	98366235
176	98624206
177	98347275
178	98434093
179	98334763
180	98276179
181	98278945
182	98397085
183	98440593
184	98772996
185	98524798
186	98644210
187	98459132
188	98696156
189	98509027
190	98394913
191	98439650
192	98472542
193	98434669
194	98499199
195	98443999
196	98411554
197	98379996
198	98312277
199	98171837
200	98366771
201	98366235
202	98624206
203	98347275
204	98434093
205	98334763
206	98276179
207	98278945
208	98397085
209	98440593
210	98772996
211	98524798
212	98644210
213	98459132
214	98696156
215	98509027
216	98394913
217	98439650
218	98472542
219	98434669
220	98499199
221	98443999
222	98411554
223	98379996
224	98312277
225	98171837
226	98366771
227	98366235
228	98624206
229	98347275
230	98434093
231	98334763
232	98276179
233	98278945
234	98397085
235	98440593
236	98772996
237	98524798
238	98644210
239	98459132
240	98696156
241	98509027
242	98394913
243	98439650
244	98472542
245	98434669
246	98499199
247	98443999
248	98411554
249	98379996
250	98312277
251	98171837
252	98366771
253	98366235
254	98624206
255	98347275
256	98434093
257	98334763
258	98276179
259	98278945
260	98397085
261	98440593
262	98772996
263	98524798
264	98644210
265	98459132
266	98696156
267	98509027
268	98394913
269	98439650
270	98472542
271	98434669
272	98499199
273	98443999
274	98411554
275	98379996
276	98312277
277	98171837
278	98366771
279	98366235
280	98624206
281	98347275
282	98434093
283	98334763
284	98276179
285	98278945
286	98397085
287	98440593
288	98772996
289	98524798
290	98644210
291	98459132
292	98696156
293	98509027
294	98394913
295	98439650
296	98472542
297	98434669
298	98499199
299	98443999
300	98411554
301	98379996
302	98312277
303	98171837
304	98366771
305	98366235
306	98624206
307	98347275
308	98434093
309	98334763
310	98276179
311	98278945
312	98397085
313	98440593
314	98772996
315	98524798
316	98644210
317	98459132
318	98696156
319	98509027
320	98394913
321	98439650
322	98472542
323	98434669
324	98499199
325	98443999
326	98411554
327	98379996
328	98312277
329	98171837
330	98366771
331	98366235
332	98624206
333	98347275
334	98434093
335	98334763
336	98276179
337	98278945
338	98397085
339	98440593
340	98772996
341	98524798
342	98644210
343	98459132
344	98696156
345	98509027
346	98394913
347	98439650
348	98472542
349	98434669
350	98499199
351	98443999
352	98411554
353	98379996
354	98312277
355	98171837
356	98366771
357	98366235
358	98624206
359	98347275
360	98434093
361	98334763
362	98276179
363	98278945
364	98397085
365	98440593
366	98772996
367	98524798
368	98644210
369	98459132
370	98696156
371	98509027
372	98394913
373	98439650
374	98472542
375	98434669
376	98499199
377	98443999
378	98411554
379	98379996
380	98312277
381	98171837
382	98366771
383	98366235
384	98624206
385	98347275
386	98434093
387	98334763
388	98276179
389	98278945
390	98397085
391	98440593
392	98772996
393	98524798
394	98644210
395	98459132
396	98696156
397	98509027
398	98394913
399	98439650
400	98472542
401	98434669
402	98499199
403	98443999
404	98411554
405	98379996
406	98312277
407	98171837
408	98366771
409	98366235
410	98624206
411	98347275
412	98434093
413	98334763
414	98276179
415	98278945
416	98397085
417	98440593
418	98772996
419	98524798
420	98644210
421	98459132
422	98696156
423	98509027
424	98394913
425	98439650
426	98472542
427	98434669
428	98499199
429	98443999
430	98411554
431	98379996
432	98312277
433	98171837
434	98366771
435	98366235
436	98624206
437	98347275
438	98434093
439	98334763
440	98276179
441	98278945
442	98397085
443	98440593
444	98772996
445	98524798
446	98644210
447	98459132
448	98696156
449	98509027
450	98394913
451	98439650
452	98472542
453	98434669
454	98499199
455	98443999
456	98411554
457	98379996
458	98312277
459	98171837
460	98366771
461	98366235
462	98624206
463	98347275
464	98434093
465	98334763
466	98276179
467	98278945
468	98397085
469	98440593
470	98772996
471	98524798
472	98644210
473	98459132
474	98696156
475	98509027
476	98394913
477	98439650
478	98472542
479	98434669
480	98499199
481	98443999
482	98411554
483	98379996
484	98312277
485	98171837
486	98366771
487	98366235
488	98624206
489	98347275
490	98434093
491	98334763
492	98276179
493	98278945
494	98397085
495	98440593
496	98772996
497	98524798
498	98644210
499	98459132
500	98696156
501	98509027
502	98394913
503	98439650
504	98472542
505	98434669
506	98499199
507	98443999
508	98411554
509	98379996
510	98312277
511	98171837
512	98366771
513	98366235
514	98624206
515	98347275
516	98434093
517	98334763
518	98276179
519	98278945
520	98397085
521	98440593
522	98772996
523	98524798
524	98644210
525	98459132
526	98696156
527	98509027
528	98394913
529	98439650
530	98472542
531	98434669
532	98499199
533	98443999
534	98411554
535	98379996
536	98312277
537	98171837
538	98366771
539	98366235
540	98624206
541	98347275
542	98434093
543	98334763
544	98276179
545	98278945
546	98397085
547	98440593
548	98772996
549	98524798
550	98644210
551	98459132
552	98696156
553	98509027
554	98394913
555	98439650
556	98472542
557	98434669
558	98499199
559	98443999
560	98411554
561	98379996
562	98312277
563	98171837
564	98366771
565	98366235
566	98624206
567	98347275
568	98434093
569	98334763
570	98276179
571	98278945
572	98397085
573	98440593
574	98772996
575	98524798
576	98644210
577	98459132
578	98696156
579	98509027
580	98394913
581	98439650
582	98472542
583	98434669
584	98499199
585	98443999
586	98411554
587	98379996
588	98312277
589	98171837
590	98366771
591	98366235
592	98624206
593	98347275
594	98434093
595	98334763
596	98276179
597	98278945
598	98397085
599	98440593
600	98772996
601	98524798
602	98644210
603	98459132
604	98696156
605	98509027
606	98394913
607	98439650
608	98472542
609	98434669
610	98499199
611	98443999
612	98411554
613	98379996
614	98312277
615	98171837
616	98366771
617	98366235
618	98624206
619	98347275
620	98434093
621	98334763
622	98276179
623	98278945
624	98397085
625	98440593
626	98772996
627	98524798
628	98644210
629	98459132
630	98696156
631	98509027
632	98394913
633	98439650
634	98472542
635	98434669
636	98499199
637	98443999
638	98411554
639	98379996
640	98312277
641	98171837
642	98366771
643	98366235
644	98624206
645	98347275
646	98434093
647	98334763
648	98276179
649	98278945
650	98397085
651	98440593
652	98772996
653	98524798
654	98644210
655	98459132
656	98696156
657	98509027
658	98394913
659	98439650
660	98472542
661	98434669
662	98499199
663	98443999
664	98411554
665	98379996
666	98312277
667	98171837
668	98366771
669	98366235
670	98624206
671	98347275
672	98434093
673	98334763
674	98276179
675	98278945
676	98397085
677	98440593
678	98772996
679	98524798
680	98644210
681	98459132
682	98696156
683	98509027
684	98394913
685	98439650
686	98472542
687	98434669
688	98499199
689	98443999
690	98411554
691	98379996
692	98312277
693	98171837
694	98366771
695	98366235
696	98624206
697	98347275
698	98434093
699	98334763
700	98276179
701	98278945
702	98397085
703	98440593
704	98772996
705	98524798
706	98644210
707	98459132
708	98696156
709	98509027
710	98394913
711	98439650
712	98472542
713	98434669
714	98499199
715	98443999
716	98411554
717	98379996
718	98312277
719	98171837
720	98366771
721	98366235
722	98624206
723	98347275
724	98434093
725	98334763
726	98276179
727	98278945
728	98397085
729	98440593
730	98772996
731	98524798
732	98644210
733	98459132
734	98696156
735	98509027
736	98394913
737	98439650
738	98472542
739	98434669
740	98499199
741	98443999
742	98411554
743	98379996
744	98312277
745	98171837
746	98366771
747	98366235
748	98624206
749	98347275
750	98434093
751	98334763
752	98276179
753	98278945
754	98397085
755	98440593
756	98772996
757	98524798
758	98644210
759	98459132
760	98696156
761	98509027
762	98394913
763	98439650
764	98472542
765	98434669
766	98499199
767	98443999
768	98411554
769	98379996
770	98312277
771	98171837
772	98366771
773	98366235
774	98624206
775	98347275
776	98434093
777	98334763
778	98276179
779	98278945
780	98397085
781	98440593
782	98772996
783	98524798
784	98644210
785	98459132
786	98696156
787	98509027
788	98394913
789	98439650
790	98472542
791	98434669
792	98499199
793	98443999
794	98411554
795	98379996
796	98312277
797	98171837
798	98366771
799	98366235
800	98624206
801	98347275
802	98434093
803	98334763
804	98276179
805	98278945
806	98397085
807	98440593
808	98772996
809	98524798
810	98644210
811	98459132
812	98696156
813	98509027
814	98394913
815	98439650
816	98472542
817	98434669
818	98499199
819	98443999
820	98411554
821	98379996
822	98312277
823	98171837
824	98366771
825	98366235
826	98624206
827	98347275
828	98434093
829	98334763
830	98276179
831	98278945
832	98397085
833	98440593
834	98772996
835	98524798
836	98644210
837	98459132
838	98696156
839	98509027
840	98394913
841	98439650
842	98472542
843	98434669
844	98499199
845	98443999
846	98411554
847	98379996
848	98312277
849	98171837
850	98366771
851	98366235
852	98624206
853	98347275
854	98434093
855	98334763
856	98276179
857	98278945
858	98397085
859	98440593
860	98772996
861	98524798
862	98644210
863	98459132
864	98696156
865	98509027
866	98394913
867	98439650
868	98472542
869	98434669
870	98499199
871	98443999
872	98411554
873	98379996
874	98312277
875	98171837
876	98366771
877	98366235
878	98624206
879	98347275
880	98434093
881	98334763
882	98276179
883	98278945
884	98397085
885	98440593
886	98772996
887	98524798
888	98644210
889	98459132
890	98696156
891	98509027
892	98394913
893	98439650
894	98472542
895	98434669
896	98499199
897	98443999
898	98411554
899	98379996
900	98312277
901	98171837
902	98366771
903	98366235
904	98624206
905	98347275
906	98434093
907	98334763
908	98276179
909	98278945
910	98397085
911	98440593
912	98772996
913	98524798
914	98644210
915	98459132
916	98696156
917	98509027
918	98394913
919	98439650
920	98472542
921	98434669
922	98499199
923	98443999
924	98411554
925	98379996
926	98312277
927	98171837
928	98366771
929	98366235
930	98624206
931	98347275
932	98434093
933	98334763
934	98276179
935	98278945
936	98397085
937	98440593
938	98772996
939	98524798
940	98644210
941	98459132
942	98696156
943	98509027
944	98394913
945	98439650
946	98472542
947	98434669
948	98499199
949	98443999
950	98411554
951	98379996
952	98312277
953	98171837
954	98366771
955	98366235
956	98624206
957	98347275
958	98434093
959	98334763
960	98276179
961	98278945
962	98397085
963	98440593
964	98772996
965	98524798
966	98644210
967	98459132
968	98696156
969	98509027
970	98394913
971	98439650
972	98472542
973	98434669
974	98499199
975	98443999
976	98411554
977	98379996
978	98312277
979	98171837
980	98366771
981	98366235
982	98624206
983	98347275
984	98434093
985	98334763
986	98276179
987	98278945
988	98397085
989	98440593
990	98772996
991	98524798
992	98644210
993	98459132
994	98696156
995	98509027
996	98394913
997	98439650
998	98472542
999	98434669
1000	98499199
1001	98443999
1002	98411554
1003	98379996
1004	98312277
1005	98171837
1006	98366771
1007	98366235
1008	98624206
1009	98347275
1010	98434093
1011	98334763
1012	98276179
1013	98278945
1014	98397085
1015	98440593
1016	98772996
1017	98524798
1018	98644210
1019	98459132
1020	98696156
1021	98509027
1022	98394913
1023	98439650
1024	98472542
1025	98434669
1026	98499199
1027	98443999
1028	98411554
1029	98379996
1030	98312277
1031	98171837
1032	98366771
1033	98366235
1034	98624206
1035	98347275
1036	98434093
1037	98334763
1038	98276179
1039	98278945
1040	98397085
1041	98440593
1042	98772996
1043	98524798
1044	98644210
1045	98459132
1046	98696156
1047	98509027
1048	98394913
1049	98439650
1050	98472542
1051	98434669
1052	98499199
1053	98443999
1054	98411554
1055	98379996
1056	98312277
1057	98171837
1058	98366771
1059	98366235
1060	98624206
1061	98347275
1062	98434093
1063	98334763
1064	98276179
1065	98278945
1066	98397085
1067	98440593
1068	98772996
1069	98524798
1070	98644210
1071	98459132
1072	98696156
1073	98509027
1074	98394913
1075	98439650
1076	98472542
1077	98434669
1078	98499199
1079	98443999
1080	98411554
1081	98379996
1082	98312277
1083	98171837
1084	98366771
1085	98366235
1086	98624206
1087	98347275
1088	98434093
1089	98334763
1090	98276179
1091	98278945
1092	98397085
1093	98440593
1094	98772996
1095	98524798
1096	98644210
1097	98459132
1098	98696156
1099	98509027
1100	98394913
1101	98439650
1102	98472542
1103	98434669
1104	98499199
1105	98443999
1106	98411554
1107	98379996
1108	98312277
1109	98171837
1110	98366771
1111	98366235
1112	98624206
1113	98347275
1114	98434093
1115	98334763
1116	98276179
1117	98278945
1118	98397085
1119	98440593
1120	98772996
1121	98524798
1122	98644210
1123	98459132
1124	98696156
1125	98509027
1126	98394913
1127	98439650
1128	98472542
1129	98434669
1130	98499199
1131	98443999
1132	98411554
1133	98379996
1134	98312277
1135	98171837
1136	98366771
1137	98366235
1138	98624206
1139	98347275
1140	98434093
1141	98334763
1142	98276179
1143	98278945
1144	98397085
1145	98440593
1146	98772996
1147	98524798
1148	98644210
1149	98459132
1150	98696156
1151	98509027
1152	98394913
1153	98439650
1154	98472542
1155	98434669
1156	98499199
1157	98443999
1158	98411554
1159	98379996
1160	98312277
1161	98171837
1162	98366771
1163	98366235
1164	98624206
1165	98347275
1166	98434093
1167	98334763
1168	98276179
1169	98278945
1170	98397085
1171	98440593
1172	98772996
1173	98524798
1174	98644210
1175	98459132
1176	98696156
1177	98509027
1178	98394913
1179	98439650
1180	98472542
1181	98434669
1182	98499199
1183	98443999
1184	98411554
1185	98379996
1186	98312277
1187	98171837
1188	98366771
1189	98366235
1190	98624206
1191	98347275
1192	98434093
1193	98334763
1194	98276179
1195	98278945
1196	98397085
1197	98440593
1198	98772996
1199	98524798
1200	98644210
1201	98459132
1202	98696156
1203	98509027
1204	98394913
1205	98439650
1206	98472542
1207	98434669
1208	98499199
1209	98443999
1210	98411554
1211	98379996
1212	98312277
1213	98171837
1214	98366771
1215	98366235
1216	98624206
1217	98347275
1218	98434093
1219	98334763
1220	98276179
1221	98278945
1222	98397085
1223	98440593
1224	98772996
1225	98524798
1226	98644210
1227	98459132
1228	98696156
1229	98509027
1230	98394913
1231	98439650
1232	98472542
1233	98434669
1234	98499199
1235	98443999
1236	98411554
1237	98379996
1238	98312277
1239	98171837
1240	98366771
1241	98366235
1242	98624206
1243	98347275
1244	98434093
1245	98334763
1246	98276179
1247	98278945
1248	98397085
1249	98440593
1250	98772996
1251	98524798
1252	98644210
1253	98459132
1254	98696156
1255	98509027
1256	98394913
1257	98439650
1258	98472542
1259	98434669
1260	98499199
1261	98443999
1262	98411554
1263	98379996
1264	98312277
1265	98171837
1266	98366771
1267	98366235
1268	98624206
1269	98347275
1270	98434093
1271	98334763
1272	98276179
1273	98278945
1274	98397085
1275	98440593
1276	98772996
1277	98524798
1278	98644210
1279	98459132
1280	98696156
1281	98509027
1282	98394913
1283	98439650
1284	98472542
1285	98434669
1286	98499199
1287	98443999
1288	98411554
1289	98379996
1290	98312277
1291	98171837
1292	98366771
1293	98366235
1294	98624206
1295	98347275
1296	98434093
1297	98334763
1298	98276179
1299	98278945
1300	98397085
1301	98440593
1302	98772996
1303	98524798
1304	98644210
1305	98459132
1306	98696156
1307	98509027
1308	98394913
1309	98439650
1310	98472542
1311	98434669
1312	98499199
1313	98443999
1314	98411554
1315	98379996
1316	98312277
1317	98171837
1318	98366771
1319	98366235
1320	98624206
1321	98347275
1322	98434093
1323	98334763
1324	98276179
1325	98278945
1326	98397085
1327	98440593
1328	98772996
1329	98524798
1330	98644210
1331	98459132
1332	98696156
1333	98509027
1334	98394913
1335	98439650
1336	98472542
1337	98434669
1338	98499199
1339	98443999
1340	98411554
1341	98379996
1342	98312277
1343	98171837
1344	98366771
1345	98366235
1346	98624206
1347	98347275
1348	98434093
1349	98334763
1350	98276179
1351	98278945
1352	98397085
1353	98440593
1354	98772996
1355	98524798
1356	98644210
1357	98459132
1358	98696156
1359	98509027
1360	98394913
1361	98439650
1362	98472542
1363	98434669
1364	98499199
1365	98443999
1366	98411554
1367	98379996
1368	98312277
1369	98171837
1370	98366771
1371	98366235
1372	98624206
1373	98347275
1374	98434093
1375	98334763
1376	98276179
1377	98278945
1378	98397085
1379	98440593
1380	98772996
1381	98524798
1382	98644210
1383	98459132
1384	98696156
1385	98509027
1386	98394913
1387	98439650
1388	98472542
1389	98434669
1390	98499199
1391	98443999
1392	98411554
1393	98379996
1394	98312277
1395	98171837
1396	98366771
1397	98366235
1398	98624206
1399	98347275
1400	98434093
1401	98334763
1402	98276179
1403	98278945
1404	98397085
1405	98440593
1406	98772996
1407	98524798
1408	98644210
1409	98459132
1410	98696156
1411	98509027
1412	98394913
1413	98439650
1414	98472542
1415	98434669
1416	98499199
1417	98443999
1418	98411554
1419	98379996
1420	98312277
1421	98171837
1422	98366771
1423	98366235
1424	98624206
1425	98347275
1426	98434093
1427	98334763
1428	98276179
1429	98278945
1430	98397085
1431	98440593
1432	98772996
1433	98524798
1434	98644210
1435	98459132
1436	98696156
1437	98509027
1438	98394913
1439	98439650
1440	98472542
1441	98434669
1442	98499199
1443	98443999
1444	98411554
1445	98379996
1446	98312277
1447	98171837
1448	98366771
1449	98366235
1450	98624206
1451	98347275
1452	98434093
1453	98334763
1454	98276179
1455	98278945
1456	98397085
1457	98440593
1458	98772996
1459	98524798
1460	98644210
1461	98459132
1462	98696156
1463	98509027
1464	98394913
1465	98439650
1466	98472542
1467	98434669
1468	98499199
1469	98443999
1470	98411554
1471	98379996
1472	98312277
1473	98171837
1474	98366771
1475	98366235
1476	98624206
1477	98347275
1478	98434093
1479	98334763
1480	98276179
1481	98278945
1482	98397085
1483	98440593
1484	98772996
1485	98524798
1486	98644210
1487	98459132
1488	98696156
1489	98509027
1490	98394913
1491	98439650
1492	98472542
1493	98434669
1494	98499199
1495	98443999
1496	98411554
1497	98379996
1498	98312277
1499	98171837
1500	98366771
1501	98366235
1502	98624206
1503	98347275
1504	98434093
1505	98334763
1506	98276179
1507	98278945
1508	98397085
1509	98440593
1510	98772996
1511	98524798
1512	98644210
1513	98459132
1514	98696156
1515	98509027
1516	98394913
1517	98439650
1518	98472542
1519	98434669
1520	98499199
1521	98443999
1522	98411554
1523	98379996
1524	98312277
1525	98171837
1526	98366771
1527	98366235
1528	98624206
1529	98347275
1530	98434093
1531	98334763
1532	98276179
1533	98278945
1534	98397085
1535	98440593
1536	98772996
1537	98524798
1538	98644210
1539	98459132
1540	98696156
1541	98509027
1542	98394913
1543	98439650
1544	98472542
1545	98434669
1546	98499199
1547	98443999
1548	98411554
1549	98379996
1550	98312277
1551	98171837
1552	98366771
1553	98366235
1554	98624206
1555	98347275
1556	98434093
1557	98334763
1558	98276179
1559	98278945
1560	98397085
1561	98440593
1562	98772996
1563	98524798
1564	98644210
1565	98459132
1566	98696156
1567	98509027
1568	98394913
1569	98439650
1570	98472542
1571	98434669
1572	98499199
1573	98443999
1574	98411554
1575	98379996
1576	98312277
1577	98171837
1578	98366771
1579	98366235
1580	98624206
1581	98347275
1582	98434093
1583	98334763
1584	98276179
1585	98278945
1586	98397085
1587	98440593
1588	98772996
1589	98524798
1590	98644210
1591	98459132
1592	98696156
1593	98509027
1594	98394913
1595	98439650
1596	98472542
1597	98434669
1598	98499199
1599	98443999
1600	98411554
1601	98379996
1602	98312277
1603	98171837
1604	98366771
1605	98366235
1606	98624206
1607	98347275
1608	98434093
1609	98334763
1610	98276179
1611	98278945
1612	98397085
1613	98440593
1614	98772996
1615	98524798
1616	98644210
1617	98459132
1618	98696156
1619	98509027
1620	98394913
1621	98439650
1622	98472542
1623	98434669
1624	98499199
1625	98443999
1626	98411554
1627	98379996
1628	98312277
1629	98171837
1630	98366771
1631	98366235
1632	98624206
1633	98347275
1634	98434093
1635	98334763
1636	98276179
1637	98278945
1638	98397085
1639	98440593
1640	98772996
1641	98524798
1642	98644210
1643	98459132
1644	98696156
1645	98509027
1646	98394913
1647	98439650
1648	98472542
1649	98434669
1650	98499199
1651	98443999
1652	98411554
1653	98379996
1654	98312277
1655	98171837
1656	98366771
1657	98366235
1658	98624206
1659	98347275
1660	98434093
1661	98334763
1662	98276179
1663	98278945
1664	98397085
1665	98440593
1666	98772996
1667	98524798
1668	98644210
1669	98459132
1670	98696156
1671	98509027
1672	98394913
1673	98439650
1674	98472542
1675	98434669
1676	98499199
1677	98443999
1678	98411554
1679	98379996
1680	98312277
1681	98171837
1682	98366771
1683	98366235
1684	98624206
1685	98347275
1686	98434093
1687	98334763
1688	98276179
1689	98278945
1690	98397085
1691	98440593
1692	98772996
1693	98524798
1694	98644210
1695	98459132
1696	98696156
1697	98509027
1698	98394913
1699	98439650
1700	98472542
1701	98434669
1702	98499199
1703	98443999
1704	98411554
1705	98379996
1706	98312277
1707	98171837
1708	98366771
1709	98366235
1710	98624206
1711	98347275
1712	98434093
1713	98334763
1714	98276179
1715	98278945
1716	98397085
1717	98440593
1718	98772996
1719	98524798
1720	98644210
1721	98459132
1722	98696156
1723	98509027
1724	98394913
1725	98439650
1726	98472542
1727	98434669
1728	98499199
1729	98443999
1730	98411554
1731	98379996
1732	98312277
1733	98171837
1734	98366771
1735	98366235
1736	98624206
1737	98347275
1738	98434093
1739	98334763
1740	98276179
1741	98278945
1742	98397085
1743	98440593
1744	98772996
1745	98524798
1746	98644210
1747	98459132
1748	98696156
1749	98509027
1750	98394913
1751	98439650
1752	98472542
1753	98434669
1754	98499199
1755	98443999
1756	98411554
1757	98379996
1758	98312277
1759	98171837
1760	98366771
1761	98366235
1762	98624206
1763	98347275
1764	98434093
1765	98334763
1766	98276179
1767	98278945
1768	98397085
1769	98440593
1770	98772996
1771	98524798
1772	98644210
1773	98459132
1774	98696156
1775	98509027
1776	98394913
1777	98439650
1778	98472542
1779	98434669
1780	98499199
1781	98443999
1782	98411554
1783	98379996
1784	98312277
1785	98171837
1786	98366771
1787	98366235
1788	98624206
1789	98347275
1790	98434093
1791	98334763
1792	98276179
1793	98278945
1794	98397085
1795	98440593
1796	98772996
1797	98524798
1798	98644210
1799	98459132
1800	98696156
1801	98509027
1802	98394913
1803	98439650
1804	98472542
1805	98434669
1806	98499199
1807	98443999
1808	98411554
1809	98379996
1810	98312277
1811	98171837
1812	98366771
1813	98366235
1814	98624206
1815	98347275
1816	98434093
1817	98334763
1818	98276179
1819	98278945
1820	98397085
1821	98440593
1822	98772996
1823	98524798
1824	98644210
1825	98459132
1826	98696156
1827	98509027
1828	98394913
1829	98439650
1830	98472542
1831	98434669
1832	98499199
1833	98443999
1834	98411554
1835	98379996
1836	98312277
1837	98171837
1838	98366771
1839	98366235
1840	98624206
1841	98347275
1842	98434093
1843	98334763
1844	98276179
1845	98278945
1846	98397085
1847	98440593
1848	98772996
1849	98524798
1850	98644210
1851	98459132
1852	98696156
1853	98509027
1854	98394913
1855	98439650
1856	98472542
1857	98434669
1858	98499199
1859	98443999
1860	98411554
1861	98379996
1862	98312277
1863	98171837
1864	98366771
1865	98366235
1866	98624206
1867	98347275
1868	98434093
1869	98334763
1870	98276179
1871	98278945
1872	98397085
1873	98440593
1874	98772996
1875	98524798
1876	98644210
1877	98459132
1878	98696156
1879	98509027
1880	98394913
1881	98439650
1882	98472542
1883	98434669
1884	98499199
1885	98443999
1886	98411554
1887	98379996
1888	98312277
1889	98171837
1890	98366771
1891	98366235
1892	98624206
1893	98347275
1894	98434093
1895	98334763
1896	98276179
1897	98278945
1898	98397085
1899	98440593
1900	98772996
1901	98524798
1902	98644210
1903	98459132
1904	98696156
1905	98509027
1906	98394913
1907	98439650
1908	98472542
1909	98434669
1910	98499199
1911	98443999
1912	98411554
1913	98379996
1914	98312277
1915	98171837
1916	98366771
1917	98366235
1918	98624206
1919	98347275
1920	98434093
1921	98334763
1922	98276179
1923	98278945
1924	98397085
1925	98440593
1926	98772996
1927	98524798
1928	98644210
1929	98459132
1930	98696156
1931	98509027
1932	98394913
1933	98439650
1934	98472542
1935	98434669
1936	98499199
1937	98443999
1938	98411554
1939	98379996
1940	98312277
1941	98171837
1942	98366771
1943	98366235
1944	98624206
1945	98347275
1946	98434093
1947	98334763
1948	98276179
1949	98278945
1950	98397085
1951	98440593
1952	98772996
1953	98524798
1954	98644210
1955	98459132
1956	98696156
1957	98509027
1958	98394913
1959	98439650
1960	98472542
1961	98434669
1962	98499199
1963	98443999
1964	98411554
1965	98379996
1966	98312277
1967	98171837
1968	98366771
1969	98366235
1970	98624206
1971	98347275
1972	98434093
1973	98334763
1974	98276179
1975	98278945
1976	98397085
1977	98440593
1978	98772996
1979	98524798
1980	98644210
1981	98459132
1982	98696156
1983	98509027
1984	98394913
1985	98439650
1986	98472542
1987	98434669
1988	98499199
1989	98443999
1990	98411554
1991	98379996
1992	98312277
1993	98171837
1994	98366771
1995	98366235
1996	98624206
1997	98347275
1998	98434093
1999	98334763
2000	98276179
2001	98278945
2002	98397085
2003	98440593
2004	98772996
2005	98524798
2006	98644210
2007	98459132
2008	98696156
2009	98509027
2010	98394913
2011	98439650
2012	98472542
2013	98434669
2014	98499199
2015	98443999
2016	98411554
2017	98379996
2018	98312277
2019	98171837
2020	98366771
2021	98366235
2022	98624206
2023	98347275
2024	98434093
2025	98334763
2026	98276179
2027	98278945
2028	98397085
2029	98440593
2030	98772996
2031	98524798
2032	98644210
2033	98459132
2034	98696156
2035	98509027
2036	98394913
2037	98439650
2038	98472542
2039	98434669
2040	98499199
2041	98443999
2042	98411554
2043	98379996
2044	98312277
2045	98171837
2046	98366771
2047	98366235
2048	98624206
2049	98347275
2050	98434093
2051	98334763
2052	98276179
2053	98278945
2054	98397085
2055	98440593
2056	98772996
2057	98524798
2058	98644210
2059	98459132
2060	98696156
2061	98509027
2062	98394913
2063	98439650
2064	98472542
2065	98434669
2066	98499199
2067	98443999
2068	98411554
2069	98379996
2070	98312277
2071	98171837
2072	98366771
2073	98366235
2074	98624206
2075	98347275
2076	98434093
2077	98334763
2078	98276179
2079	98278945
2080	98397085
2081	98440593
2082	98772996
2083	98524798
2084	98644210
2085	98459132
2086	98696156
2087	98509027
2088	98394913
2089	98439650
2090	98472542
2091	98434669
2092	98499199
2093	98443999
2094	98411554
2095	98379996
2096	98312277
2097	98171837
2098	98366771
2099	98366235
2100	98624206
2101	98347275
2102	98434093
2103	98334763
2104	98276179
2105	98278945
2106	98397085
2107	98440593
2108	98772996
2109	98524798
2110	98644210
2111	98459132
2112	98696156
2113	98509027
2114	98394913
2115	98439650
2116	98472542
2117	98434669
2118	98499199
2119	98443999
2120	98411554
2121	98379996
2122	98312277
2123	98171837
2124	98366771
2125	98366235
2126	98624206
2127	98347275
2128	98434093
2129	98334763
2130	98276179
2131	98278945
2132	98397085
2133	98440593
2134	98772996
2135	98524798
2136	98644210
2137	98459132
2138	98696156
2139	98509027
2140	98394913
2141	98439650
2142	98472542
2143	98434669
2144	98499199
2145	98443999
2146	98411554
2147	98379996
2148	98312277
2149	98171837
2150	98366771
2151	98366235
2152	98624206
2153	98347275
2154	98434093
2155	98334763
2156	98276179
2157	98278945
2158	98397085
2159	98440593
2160	98772996
2161	98524798
2162	98644210
2163	98459132
2164	98696156
2165	98509027
2166	98394913
2167	98439650
2168	98472542
2169	98434669
2170	98499199
2171	98443999
2172	98411554
2173	98379996
2174	98312277
2175	98171837
2176	98366771
2177	98366235
2178	98624206
2179	98347275
2180	98434093
2181	98334763
2182	98276179
2183	98278945
2184	98397085
2185	98440593
2186	98772996
2187	98524798
2188	98644210
2189	98459132
2190	98696156
2191	98509027
2192	98394913
2193	98439650
2194	98472542
2195	98434669
2196	98499199
2197	98443999
2198	98411554
2199	98379996
2200	98312277
2201	98171837
2202	98366771
2203	98366235
2204	98624206
2205	98347275
2206	98434093
2207	98334763
2208	98276179
2209	98278945
2210	98397085
2211	98440593
2212	98772996
2213	98524798
2214	98644210
2215	98459132
2216	98696156
2217	98509027
2218	98394913
2219	98439650
2220	98472542
2221	98434669
2222	98499199
2223	98443999
2224	98411554
2225	98379996
2226	98312277
2227	98171837
2228	98366771
2229	98366235
2230	98624206
2231	98347275
2232	98434093
2233	98334763
2234	98276179
2235	98278945
2236	98397085
2237	98440593
2238	98772996
2239	98524798
2240	98644210
2241	98459132
2242	98696156
2243	98509027
2244	98394913
2245	98439650
2246	98472542
2247	98434669
2248	98499199
2249	98443999
2250	98411554
2251	98379996
2252	98312277
2253	98171837
2254	98366771
2255	98366235
2256	98624206
2257	98347275
2258	98434093
2259	98334763
2260	98276179
2261	98278945
2262	98397085
2263	98440593
2264	98772996
2265	98524798
2266	98644210
2267	98459132
2268	98696156
2269	98509027
2270	98394913
2271	98439650
2272	98472542
2273	98434669
2274	98499199
2275	98443999
2276	98411554
2277	98379996
2278	98312277
2279	98171837
2280	98366771
2281	98366235
2282	98624206
2283	98347275
2284	98434093
2285	98334763
2286	98276179
2287	98278945
2288	98397085
2289	98440593
2290	98772996
2291	98524798
2292	98644210
2293	98459132
2294	98696156
2295	98509027
2296	98394913
2297	98439650
2298	98472542
2299	98434669
2300	98499199
2301	98443999
2302	98411554
2303	98379996
2304	98312277
2305	98171837
2306	98366771
2307	98366235
2308	98624206
2309	98347275
2310	98434093
2311	98334763
2312	98276179
2313	98278945
2314	98397085
2315	98440593
2316	98772996
2317	98524798
2318	98644210
2319	98459132
2320	98696156
2321	98509027
2322	98394913
2323	98439650
2324	98472542
2325	98434669
2326	98499199
2327	98443999
2328	98411554
2329	98379996
2330	98312277
2331	98171837
2332	98366771
2333	98366235
2334	98624206
2335	98347275
2336	98434093
2337	98334763
2338	98276179
2339	98278945
2340	98397085
2341	98440593
2342	98772996
2343	98524798
2344	98644210
2345	98459132
2346	98696156
2347	98509027
2348	98394913
2349	98439650
2350	98472542
2351	98434669
2352	98499199
2353	98443999
2354	98411554
2355	98379996
2356	98312277
2357	98171837
2358	98366771
2359	98366235
2360	98624206
2361	98347275
2362	98434093
2363	98334763
2364	98276179
2365	98278945
2366	98397085
2367	98440593
2368	98772996
2369	98524798
2370	98644210
2371	98459132
2372	98696156
2373	98509027
2374	98394913
2375	98439650
2376	98472542
2377	98434669
2378	98499199
2379	98443999
2380	98411554
2381	98379996
2382	98312277
2383	98171837
2384	98366771
2385	98366235
2386	98624206
2387	98347275
2388	98434093
2389	98334763
2390	98276179
2391	98278945
2392	98397085
2393	98440593
2394	98772996
2395	98524798
2396	98644210
2397	98459132
2398	98696156
2399	98509027
2400	98394913
2401	98439650
2402	98472542
2403	98434669
2404	98499199
2405	98443999
2406	98411554
2407	98379996
2408	98312277
2409	98171837
2410	98366771
2411	98366235
2412	98624206
2413	98347275
2414	98434093
2415	98334763
2416	98276179
2417	98278945
2418	98397085
2419	98440593
2420	98772996
2421	98524798
2422	98644210
2423	98459132
2424	98696156
2425	98509027
2426	98394913
2427	98439650
2428	98472542
2429	98434669
2430	98499199
2431	98443999
2432	98411554
2433	98379996
2434	98312277
2435	98171837
2436	98366771
2437	98366235
2438	98624206
2439	98347275
2440	98434093
2441	98334763
2442	98276179
2443	98278945
2444	98397085
2445	98440593
2446	98772996
2447	98524798
2448	98644210
2449	98459132
2450	98696156
2451	98509027
2452	98394913
2453	98439650
2454	98472542
2455	98434669
2456	98499199
2457	98443999
2458	98411554
2459	98379996
2460	98312277
2461	98171837
2462	98366771
2463	98366235
2464	98624206
2465	98347275
2466	98434093
2467	98334763
2468	98276179
2469	98278945
2470	98397085
2471	98440593
2472	98772996
2473	98524798
2474	98644210
2475	98459132
2476	98696156
2477	98509027
2478	98394913
2479	98439650
2480	98472542
2481	98434669
2482	98499199
2483	98443999
2484	98411554
2485	98379996
2486	98312277
2487	98171837
2488	98366771
2489	98366235
2490	98624206
2491	98347275
2492	98434093
2493	98334763
2494	98276179
2495	98278945
2496	98397085
2497	98440593
2498	98772996
2499	98524798
2500	98644210
2501	98459132
2502	98696156
2503	98509027
2504	98394913
2505	98439650
2506	98472542
2507	98434669
2508	98499199
2509	98443999
2510	98411554
2511	98379996
2512	98312277
2513	98171837
2514	98366771
2515	98366235
2516	98624206
2517	98347275
2518	98434093
2519	98334763
2520	98276179
2521	98278945
2522	98397085
2523	98440593
2524	98772996
2525	98524798
2526	98644210
2527	98459132
2528	98696156
2529	98509027
2530	98394913
2531	98439650
2532	98472542
2533	98434669
2534	98499199
2535	98443999
2536	98411554
2537	98379996
2538	98312277
2539	98171837
2540	98366771
2541	98366235
2542	98624206
2543	98347275
2544	98434093
2545	98334763
2546	98276179
2547	98278945
2548	98397085
2549	98440593
2550	98772996
2551	98524798
2552	98644210
2553	98459132
2554	98696156
2555	98509027
2556	98394913
2557	98439650
2558	98472542
2559	98434669
2560	98499199
2561	98443999
2562	98411554
2563	98379996
2564	98312277
2565	98171837
2566	98366771
2567	98366235
2568	98624206
2569	98347275
2570	98434093
2571	98334763
2572	98276179
2573	98278945
2574	98397085
2575	98440593
2576	98772996
2577	98524798
2578	98644210
2579	98459132
2580	98696156
2581	98509027
2582	98394913
2583	98439650
2584	98472542
2585	98434669
2586	98499199
2587	98443999
2588	98411554
2589	98379996
2590	98312277
2591	98171837
2592	98366771
2593	98366235
2594	98624206
2595	98347275
2596	98434093
2597	98334763
2598	98276179
2599	98278945
2600	98397085
2601	98440593
2602	98772996
2603	98524798
2604	98644210
2605	98459132
2606	98696156
2607	98509027
2608	98394913
2609	98439650
2610	98472542
2611	98434669
2612	98499199
2613	98443999
2614	98411554
2615	98379996
2616	98312277
2617	98171837
2618	98366771
2619	98366235
2620	98624206
2621	98347275
2622	98434093
2623	98334763
2624	98276179
2625	98278945
2626	98397085
2627	98440593
2628	98772996
2629	98524798
2630	98644210
2631	98459132
2632	98696156
2633	98509027
2634	98394913
2635	98439650
2636	98472542
2637	98434669
2638	98499199
2639	98443999
2640	98411554
2641	98379996
2642	98312277
2643	98171837
2644	98366771
2645	98366235
2646	98624206
2647	98347275
2648	98434093
2649	98334763
2650	98276179
2651	98278945
2652	98397085
2653	98440593
2654	98772996
2655	98524798
2656	98644210
2657	98459132
2658	98696156
2659	98509027
2660	98394913
2661	98439650
2662	98472542
2663	98434669
2664	98499199
2665	98443999
2666	98411554
2667	98379996
2668	98312277
2669	98171837
2670	98366771
2671	98366235
2672	98624206
2673	98347275
2674	98434093
2675	98334763
2676	98276179
2677	98278945
2678	98397085
2679	98440593
2680	98772996
2681	98524798
2682	98644210
2683	98459132
2684	98696156
2685	98509027
2686	98394913
2687	98439650
2688	98472542
2689	98434669
2690	98499199
2691	98443999
2692	98411554
2693	98379996
2694	98312277
2695	98171837
2696	98366771
2697	98366235
2698	98624206
2699	98347275
2700	98434093
2701	98334763
2702	98276179
2703	98278945
2704	98397085
2705	98440593
2706	98772996
2707	98524798
2708	98644210
2709	98459132
2710	98696156
2711	98509027
2712	98394913
2713	98439650
2714	98472542
2715	98434669
2716	98499199
2717	98443999
2718	98411554
2719	98379996
2720	98312277
2721	98171837
2722	98366771
2723	98366235
2724	98624206
2725	98347275
2726	98434093
2727	98334763
2728	98276179
2729	98278945
2730	98397085
2731	98440593
2732	98772996
2733	98524798
2734	98644210
2735	98459132
2736	98696156
2737	98509027
2738	98394913
2739	98439650
2740	98472542
2741	98434669
2742	98499199
2743	98443999
2744	98411554
2745	98379996
2746	98312277
2747	98171837
2748	98366771
2749	98366235
2750	98624206
2751	98347275
2752	98434093
2753	98334763
2754	98276179
2755	98278945
2756	98397085
2757	98440593
2758	98772996
2759	98524798
2760	98644210
2761	98459132
2762	98696156
2763	98509027
2764	98394913
2765	98439650
2766	98472542
2767	98434669
2768	98499199
2769	98443999
2770	98411554
2771	98379996
2772	98312277
2773	98171837
2774	98366771
2775	98366235
2776	98624206
2777	98347275
2778	98434093
2779	98334763
2780	98276179
2781	98278945
2782	98397085
2783	98440593
2784	98772996
2785	98524798
2786	98644210
2787	98459132
2788	98696156
2789	98509027
2790	98394913
2791	98439650
2792	98472542
2793	98434669
2794	98499199
2795	98443999
2796	98411554
2797	98379996
2798	98312277
2799	98171837
2800	98366771
2801	98366235
2802	98624206
2803	98347275
2804	98434093
2805	98334763
2806	98276179
2807	98278945
2808	98397085
2809	98440593
2810	98772996
2811	98524798
2812	98644210
2813	98459132
2814	98696156
2815	98509027
2816	98394913
2817	98439650
2818	98472542
2819	98434669
2820	98499199
2821	98443999
2822	98411554
2823	98379996
2824	98312277
2825	98171837
2826	98366771
2827	98366235
2828	98624206
2829	98347275
2830	98434093
2831	98334763
2832	98276179
2833	98278945
2834	98397085
2835	98440593
2836	98772996
2837	98524798
2838	98644210
2839	98459132
2840	98696156
2841	98509027
2842	98394913
2843	98439650
2844	98472542
2845	98434669
2846	98499199
2847	98443999
2848	98411554
2849	98379996
2850	98312277
2851	98171837
2852	98366771
2853	98366235
2854	98624206
2855	98347275
2856	98434093
2857	98334763
2858	98276179
2859	98278945
2860	98397085
2861	98440593
2862	98772996
2863	98524798
2864	98644210
2865	98459132
2866	98696156
2867	98509027
2868	98394913
2869	98439650
2870	98472542
2871	98434669
2872	98499199
2873	98443999
2874	98411554
2875	98379996
2876	98312277
2877	98171837
2878	98366771
2879	98366235
2880	98624206
2881	98347275
2882	98434093
2883	98334763
2884	98276179
2885	98278945
2886	98397085
2887	98440593
2888	98772996
2889	98524798
2890	98644210
2891	98459132
2892	98696156
2893	98509027
2894	98394913
2895	98439650
2896	98472542
2897	98434669
2898	98499199
2899	98443999
2900	98411554
2901	98379996
2902	98312277
2903	98171837
2904	98366771
2905	98366235
2906	98624206
2907	98347275
2908	98434093
2909	98334763
2910	98276179
2911	98278945
2912	98397085
2913	98440593
2914	98772996
2915	98524798
2916	98644210
2917	98459132
2918	98696156
2919	98509027
2920	98394913
2921	98439650
2922	98472542
2923	98434669
2924	98499199
2925	98443999
2926	98411554
2927	98379996
2928	98312277
2929	98171837
2930	98366771
2931	98366235
2932	98624206
2933	98347275
2934	98434093
2935	98334763
2936	98276179
2937	98278945
2938	98397085
2939	98440593
2940	98772996
2941	98524798
2942	98644210
2943	98459132
2944	98696156
2945	98509027
2946	98394913
2947	98439650
2948	98472542
2949	98434669
2950	98499199
2951	98443999
2952	98411554
2953	98379996
2954	98312277
2955	98171837
2956	98366771
2957	98366235
2958	98624206
2959	98347275
2960	98434093
2961	98334763
2962	98276179
2963	98278945
2964	98397085
2965	98440593
2966	98772996
2967	98524798
2968	98644210
2969	98459132
2970	98696156
2971	98509027
2972	98394913
2973	98439650
2974	98472542
2975	98434669
2976	98499199
2977	98443999
2978	98411554
2979	98379996
2980	98312277
2981	98171837
2982	98366771
2983	98366235
2984	98624206
2985	98347275
2986	98434093
2987	98334763
2988	98276179
2989	98278945
2990	98397085
2991	98440593
2992	98772996
2993	98524798
2994	98644210
2995	98459132
2996	98696156
2997	98509027
2998	98394913
2999	98439650
3000	98472542
3001	98434669
3002	98499199
3003	98443999
3004	98411554
3005	98379996
3006	98312277
3007	98171837
3008	98366771
3009	98366235
3010	98624206
3011	98347275
3012	98434093
3013	98334763
3014	98276179
3015	98278945
3016	98397085
3017	98440593
3018	98772996
3019	98524798
3020	98644210
3021	98459132
3022	98696156
3023	98509027
3024	98394913
3025	98439650
3026	98472542
3027	98434669
3028	98499199
3029	98443999
3030	98411554
3031	98379996
3032	98312277
3033	98171837
3034	98366771
3035	98366235
3036	98624206
3037	98347275
3038	98434093
3039	98334763
3040	98276179
3041	98278945
3042	98397085
3043	98440593
3044	98772996
3045	98524798
3046	98644210
3047	98459132
3048	98696156
3049	98509027
3050	98394913
3051	98439650
3052	98472542
3053	98434669
3054	98499199
3055	98443999
3056	98411554
3057	98379996
3058	98312277
3059	98171837
3060	98366771
3061	98366235
3062	98624206
3063	98347275
3064	98434093
3065	98334763
3066	98276179
3067	98278945
3068	98397085
3069	98440593
3070	98772996
3071	98524798
3072	98644210
3073	98459132
3074	98696156
3075	98509027
3076	98394913
3077	98439650
3078	98472542
3079	98434669
3080	98499199
3081	98443999
3082	98411554
3083	98379996
3084	98312277
3085	98171837
3086	98366771
3087	98366235
3088	98624206
3089	98347275
3090	98434093
3091	98334763
3092	98276179
3093	98278945
3094	98397085
3095	98440593
3096	98772996
3097	98524798
3098	98644210
3099	98459132
3100	98696156
3101	98509027
3102	98394913
3103	98439650
3104	98472542
3105	98434669
3106	98499199
3107	98443999
3108	98411554
3109	98379996
3110	98312277
3111	98171837
3112	98366771
3113	98366235
3114	98624206
3115	98347275
3116	98434093
3117	98334763
3118	98276179
3119	98278945
3120	98397085
3121	98440593
3122	98772996
3123	98524798
3124	98644210
3125	98459132
3126	98696156
3127	98509027
3128	98394913
3129	98439650
3130	98472542
3131	98434669
3132	98499199
3133	98443999
3134	98411554
3135	98379996
3136	98312277
3137	98171837
3138	98366771
3139	98366235
3140	98624206
3141	98347275
3142	98434093
3143	98334763
3144	98276179
3145	98278945
3146	98397085
3147	98440593
3148	98772996
3149	98524798
3150	98644210
3151	98459132
3152	98696156
3153	98509027
3154	98394913
3155	98439650
3156	98472542
3157	98434669
3158	98499199
3159	98443999
3160	98411554
3161	98379996
3162	98312277
3163	98171837
3164	98366771
3165	98366235
3166	98624206
3167	98347275
3168	98434093
3169	98334763
3170	98276179
3171	98278945
3172	98397085
3173	98440593
3174	98772996
3175	98524798
3176	98644210
3177	98459132
3178	98696156
3179	98509027
3180	98394913
3181	98439650
3182	98472542
3183	98434669
3184	98499199
3185	98443999
3186	98411554
3187	98379996
3188	98312277
3189	98171837
3190	98366771
3191	98366235
3192	98624206
3193	98347275
3194	98434093
3195	98334763
3196	98276179
3197	98278945
3198	98397085
3199	98440593
3200	98772996
3201	98524798
3202	98644210
3203	98459132
3204	98696156
3205	98509027
3206	98394913
3207	98439650
3208	98472542
3209	98434669
3210	98499199
3211	98443999
3212	98411554
3213	98379996
3214	98312277
3215	98171837
3216	98366771
3217	98366235
3218	98624206
3219	98347275
3220	98434093
3221	98334763
3222	98276179
3223	98278945
3224	98397085
3225	98440593
3226	98772996
3227	98524798
3228	98644210
3229	98459132
3230	98696156
3231	98509027
3232	98394913
3233	98439650
3234	98472542
3235	98434669
3236	98499199
3237	98443999
3238	98411554
3239	98379996
3240	98312277
3241	98171837
3242	98366771
3243	98366235
3244	98624206
3245	98347275
3246	98434093
3247	98334763
3248	98276179
3249	98278945
3250	98397085
3251	98440593
3252	98772996
3253	98524798
3254	98644210
3255	98459132
3256	98696156
3257	98509027
3258	98394913
3259	98439650
3260	98472542
3261	98434669
3262	98499199
3263	98443999
3264	98411554
3265	98379996
3266	98312277
3267	98171837
3268	98366771
3269	98366235
3270	98624206
3271	98347275
3272	98434093
3273	98334763
3274	98276179
3275	98278945
3276	98397085
3277	98440593
3278	98772996
3279	98524798
3280	98644210
3281	98459132
3282	98696156
3283	98509027
3284	98394913
3285	98439650
3286	98472542
3287	98434669
3288	98499199
3289	98443999
3290	98411554
3291	98379996
3292	98312277
3293	98171837
3294	98366771
3295	98366235
3296	98624206
3297	98347275
3298	98434093
3299	98334763
3300	98276179
3301	98278945
3302	98397085
3303	98440593
3304	98772996
3305	98524798
3306	98644210
3307	98459132
3308	98696156
3309	98509027
3310	98394913
3311	98439650
3312	98472542
3313	98434669
3314	98499199
3315	98443999
3316	98411554
3317	98379996
3318	98312277
3319	98171837
3320	98366771
3321	98366235
3322	98624206
3323	98347275
3324	98434093
3325	98334763
3326	98276179
3327	98278945
3328	98397085
3329	98440593
3330	98772996
3331	98524798
3332	98644210
3333	98459132
3334	98696156
3335	98509027
3336	98394913
3337	98439650
3338	98472542
3339	98434669
3340	98499199
3341	98443999
3342	98411554
3343	98379996
3344	98312277
3345	98171837
3346	98366771
3347	98366235
3348	98624206
3349	98347275
3350	98434093
3351	98334763
3352	98276179
3353	98278945
3354	98397085
3355	98440593
3356	98772996
3357	98524798
3358	98644210
3359	98459132
3360	98696156
3361	98509027
3362	98394913
3363	98439650
3364	98472542
3365	98434669
3366	98499199
3367	98443999
3368	98411554
3369	98379996
3370	98312277
3371	98171837
3372	98366771
3373	98366235
3374	98624206
3375	98347275
3376	98434093
3377	98334763
3378	98276179
3379	98278945
3380	98397085
3381	98440593
3382	98772996
3383	98524798
3384	98644210
3385	98459132
3386	98696156
3387	98509027
3388	98394913
3389	98439650
3390	98472542
3391	98434669
3392	98499199
3393	98443999
3394	98411554
3395	98379996
3396	98312277
3397	98171837
3398	98366771
3399	98366235
3400	98624206
3401	98347275
3402	98434093
3403	98334763
3404	98276179
3405	98278945
3406	98397085
3407	98440593
3408	98772996
3409	98524798
3410	98644210
3411	98459132
3412	98696156
3413	98509027
3414	98394913
3415	98439650
3416	98472542
3417	98434669
3418	98499199
3419	98443999
3420	98411554
3421	98379996
3422	98312277
3423	98171837
3424	98366771
3425	98366235
3426	98624206
3427	98347275
3428	98434093
3429	98334763
3430	98276179
3431	98278945
3432	98397085
3433	98440593
3434	98772996
3435	98524798
3436	98644210
3437	98459132
3438	98696156
3439	98509027
3440	98394913
3441	98439650
3442	98472542
3443	98434669
3444	98499199
3445	98443999
3446	98411554
3447	98379996
3448	98312277
3449	98171837
3450	98366771
3451	98366235
3452	98624206
3453	98347275
3454	98434093
3455	98334763
3456	98276179
3457	98278945
3458	98397085
3459	98440593
3460	98772996
3461	98524798
3462	98644210
3463	98459132
3464	98696156
3465	98509027
3466	98394913
3467	98439650
3468	98472542
3469	98434669
3470	98499199
3471	98443999
3472	98411554
3473	98379996
3474	98312277
3475	98171837
3476	98366771
3477	98366235
3478	98624206
3479	98347275
3480	98434093
3481	98334763
3482	98276179
3483	98278945
3484	98397085
3485	98440593
3486	98772996
3487	98524798
3488	98644210
3489	98459132
3490	98696156
3491	98509027
3492	98394913
3493	98439650
3494	98472542
3495	98434669
3496	98499199
3497	98443999
3498	98411554
3499	98379996
3500	98312277
3501	98171837
3502	98366771
3503	98366235
3504	98624206
3505	98347275
3506	98434093
3507	98334763
3508	98276179
3509	98278945
3510	98397085
3511	98440593
3512	98772996
3513	98524798
3514	98644210
3515	98459132
3516	98696156
3517	98509027
3518	98394913
3519	98439650
3520	98472542
3521	98434669
3522	98499199
3523	98443999
3524	98411554
3525	98379996
3526	98312277
3527	98171837
3528	98366771
3529	98366235
3530	98624206
3531	98347275
3532	98434093
3533	98334763
3534	98276179
3535	98278945
3536	98397085
3537	98440593
3538	98772996
3539	98524798
3540	98644210
3541	98459132
3542	98696156
3543	98509027
3544	98394913
3545	98439650
3546	98472542
3547	98434669
3548	98499199
3549	98443999
3550	98411554
3551	98379996
3552	98312277
3553	98171837
3554	98366771
3555	98366235
3556	98624206
3557	98347275
3558	98434093
3559	98334763
3560	98276179
3561	98278945
3562	98397085
3563	98440593
3564	98772996
3565	98524798
3566	98644210
3567	98459132
3568	98696156
3569	98509027
3570	98394913
3571	98439650
3572	98472542
3573	98434669
3574	98499199
3575	98443999
3576	98411554
3577	98379996
3578	98312277
3579	98171837
3580	98366771
3581	98366235
3582	98624206
3583	98347275
3584	98434093
3585	98334763
3586	98276179
3587	98278945
3588	98397085
3589	98440593
3590	98772996
3591	98524798
3592	98644210
3593	98459132
3594	98696156
3595	98509027
3596	98394913
3597	98439650
3598	98472542
3599	98434669
3600	98499199
3601	98443999
3602	98411554
3603	98379996
3604	98312277
3605	98171837
3606	98366771
3607	98366235
3608	98624206
3609	98347275
3610	98434093
3611	98334763
3612	98276179
3613	98278945
3614	98397085
3615	98440593
3616	98772996
3617	98524798
3618	98644210
3619	98459132
3620	98696156
3621	98509027
3622	98394913
3623	98439650
3624	98472542
3625	98434669
3626	98499199
3627	98443999
3628	98411554
3629	98379996
3630	98312277
3631	98171837
3632	98366771
3633	98366235
3634	98624206
3635	98347275
3636	98434093
3637	98334763
3638	98276179
3639	98278945
3640	98397085
3641	98440593
3642	98772996
3643	98524798
3644	98644210
3645	98459132
3646	98696156
3647	98509027
3648	98394913
3649	98439650
3650	98472542
3651	98434669
3652	98499199
3653	98443999
3654	98411554
3655	98379996
3656	98312277
3657	98171837
3658	98366771
3659	98366235
3660	98624206
3661	98347275
3662	98434093
3663	98334763
3664	98276179
3665	98278945
3666	98397085
3667	98440593
3668	98772996
3669	98524798
3670	98644210
3671	98459132
3672	98696156
3673	98509027
3674	98394913
3675	98439650
3676	98472542
3677	98434669
3678	98499199
3679	98443999
3680	98411554
3681	98379996
3682	98312277
3683	98171837
3684	98366771
3685	98366235
3686	98624206
3687	98347275
3688	98434093
3689	98334763
3690	98276179
3691	98278945
3692	98397085
3693	98440593
3694	98772996
3695	98524798
3696	98644210
3697	98459132
3698	98696156
3699	98509027
3700	98394913
3701	98439650
3702	98472542
3703	98434669
3704	98499199
3705	98443999
3706	98411554
3707	98379996
3708	98312277
3709	98171837
3710	98366771
3711	98366235
3712	98624206
3713	98347275
3714	98434093
3715	98334763
3716	98276179
3717	98278945
3718	98397085
3719	98440593
3720	98772996
3721	98524798
3722	98644210
3723	98459132
3724	98696156
3725	98509027
3726	98394913
3727	98439650
3728	98472542
3729	98434669
3730	98499199
3731	98443999
3732	98411554
3733	98379996
3734	98312277
3735	98171837
3736	98366771
3737	98366235
3738	98624206
3739	98347275
3740	98434093
3741	98334763
3742	98276179
3743	98278945
3744	98397085
3745	98440593
3746	98772996
3747	98524798
3748	98644210
3749	98459132
3750	98696156
3751	98509027
3752	98394913
3753	98439650
3754	98472542
3755	98434669
3756	98499199
3757	98443999
3758	98411554
3759	98379996
3760	98312277
3761	98171837
3762	98366771
3763	98366235
3764	98624206
3765	98347275
3766	98434093
3767	98334763
3768	98276179
3769	98278945
3770	98397085
3771	98440593
3772	98772996
3773	98524798
3774	98644210
3775	98459132
3776	98696156
3777	98509027
3778	98394913
3779	98439650
3780	98472542
3781	98434669
3782	98499199
3783	98443999
3784	98411554
3785	98379996
3786	98312277
3787	98171837
3788	98366771
3789	98366235
3790	98624206
3791	98347275
3792	98434093
3793	98334763
3794	98276179
3795	98278945
3796	98397085
3797	98440593
3798	98772996
3799	98524798
3800	98644210
3801	98459132
3802	98696156
3803	98509027
3804	98394913
3805	98439650
3806	98472542
3807	98434669
3808	98499199
3809	98443999
3810	98411554
3811	98379996
3812	98312277
3813	98171837
3814	98366771
3815	98366235
3816	98624206
3817	98347275
3818	98434093
3819	98334763
3820	98276179
3821	98278945
3822	98397085
3823	98440593
3824	98772996
3825	98524798
3826	98644210
3827	98459132
3828	98696156
3829	98509027
3830	98394913
3831	98439650
3832	98472542
3833	98434669
3834	98499199
3835	98443999
3836	98411554
3837	98379996
3838	98312277
3839	98171837
3840	98366771
3841	98366235
3842	98624206
3843	98347275
3844	98434093
3845	98334763
3846	98276179
3847	98278945
3848	98397085
3849	98440593
3850	98772996
3851	98524798
3852	98644210
3853	98459132
3854	98696156
3855	98509027
3856	98394913
3857	98439650
3858	98472542
3859	98434669
3860	98499199
3861	98443999
3862	98411554
3863	98379996
3864	98312277
3865	98171837
3866	98366771
3867	98366235
3868	98624206
3869	98347275
3870	98434093
3871	98334763
3872	98276179
3873	98278945
3874	98397085
3875	98440593
3876	98772996
3877	98524798
3878	98644210
3879	98459132
3880	98696156
3881	98509027
3882	98394913
3883	98439650
3884	98472542
3885	98434669
3886	98499199
3887	98443999
3888	98411554
3889	98379996
3890	98312277
3891	98171837
3892	98366771
3893	98366235
3894	98624206
3895	98347275
3896	98434093
3897	98334763
3898	98276179
3899	98278945
3900	98397085
3901	98440593
3902	98772996
3903	98524798
3904	98644210
3905	98459132
3906	98696156
3907	98509027
3908	98394913
3909	98439650
3910	98472542
3911	98434669
3912	98499199
3913	98443999
3914	98411554
3915	98379996
3916	98312277
3917	98171837
3918	98366771
3919	98366235
3920	98624206
3921	98347275
3922	98434093
3923	98334763
3924	98276179
3925	98278945
3926	98397085
3927	98440593
3928	98772996
3929	98524798
3930	98644210
3931	98459132
3932	98696156
3933	98509027
3934	98394913
3935	98439650
3936	98472542
3937	98434669
3938	98499199
3939	98443999
3940	98411554
3941	98379996
3942	98312277
3943	98171837
3944	98366771
3945	98366235
3946	98624206
3947	98347275
3948	98434093
3949	98334763
3950	98276179
3951	98278945
3952	98397085
3953	98440593
3954	98772996
3955	98524798
3956	98644210
3957	98459132
3958	98696156
3959	98509027
3960	98394913
3961	98439650
3962	98472542
3963	98434669
3964	98499199
3965	98443999
3966	98411554
3967	98379996
3968	98312277
3969	98171837
3970	98366771
3971	98366235
3972	98624206
3973	98347275
3974	98434093
3975	98334763
3976	98276179
3977	98278945
3978	98397085
3979	98440593
3980	98772996
3981	98524798
3982	98644210
3983	98459132
3984	98696156
3985	98509027
3986	98394913
3987	98439650
3988	98472542
3989	98434669
3990	98499199
3991	98443999
3992	98411554
3993	98379996
3994	98312277
3995	98171837
3996	98366771
3997	98366235
3998	98624206
3999	98347275
4000	98434093
4001	98334763
4002	98276179
4003	98278945
4004	98397085
4005	98440593
4006	98772996
4007	98524798
4008	98644210
4009	98459132
4010	98696156
4011	98509027
4012	98394913
4013	98439650
4014	98472542
4015	98434669
4016	98499199
4017	98443999
4018	98411554
4019	98379996
4020	98312277
4021	98171837
4022	98366771
4023	98366235
4024	98624206
4025	98347275
4026	98434093
4027	98334763
4028	98276179
4029	98278945
4030	98397085
4031	98440593
4032	98772996
4033	98524798
4034	98644210
4035	98459132
4036	98696156
4037	98509027
4038	98394913
4039	98439650
4040	98472542
4041	98434669
4042	98499199
4043	98443999
4044	98411554
4045	98379996
4046	98312277
4047	98171837
4048	98366771
4049	98366235
4050	98624206
4051	98347275
4052	98434093
4053	98334763
4054	98276179
4055	98278945
4056	98397085
4057	98440593
4058	98772996
4059	98524798
4060	98644210
4061	98459132
4062	98696156
4063	98509027
4064	98394913
4065	98439650
4066	98472542
4067	98434669
4068	98499199
4069	98443999
4070	98411554
4071	98379996
4072	98312277
4073	98171837
4074	98366771
4075	98366235
4076	98624206
4077	98347275
4078	98434093
4079	98334763
4080	98276179
4081	98278945
4082	98397085
4083	98440593
4084	98772996
4085	98524798
4086	98644210
4087	98459132
4088	98696156
4089	98509027
4090	98394913
4091	98439650
4092	98472542
4093	98434669
4094	98499199
4095	98443999
