0	25362996
1	25332318
2	25341777
3	25328547
4	25243445
5	25299353
6	25251479
7	25278145
8	25382541
9	25275425
10	25285303
11	25315432
12	25307012
13	25245039
14	25292631
15	25286293
16	25322107
17	25222573
18	25259481
19	25267475
20	25308039
21	25305071
22	25230015
23	25252738
24	25235908
25	25291554
26	25357736
27	25332318
28	25341777
29	25328547
30	25243445
31	25299353
32	25251479
33	25278145
34	25382541
35	25275425
36	25285303
37	25315432
38	25307012
39	25245039
40	25292631
41	25286293
42	25322107
43	25222573
44	25259481
45	25267475
46	25308039
47	25305071
48	25230015
49	25252738
50	25235908
51	25291554
52	25357736
53	25332318
54	25341777
55	25328547
56	25243445
57	25299353
58	25251479
59	25278145
60	25382541
61	25275425
62	25285303
63	25315432
64	25307012
65	25245039
66	25292631
67	25286293
68	25322107
69	25222573
70	25259481
71	25267475
72	25308039
73	25305071
74	25230015
75	25252738
76	25235908
77	25291554
78	25357736
79	25332318
80	25341777
81	25328547
82	25243445
83	25299353
84	25251479
85	25278145
86	25382541
87	25275425
88	25285303
89	25315432
90	25307012
91	25245039
92	25292631
93	25286293
94	25322107
95	25222573
96	25259481
97	25267475
98	25308039
99	25305071
100	25230015
101	25252738
102	25235908
103	25291554
104	25357736
105	25332318
106	25341777
107	25328547
108	25243445
109	25299353
110	25251479
111	25278145
112	25382541
113	25275425
114	25285303
115	25315432
116	25307012
117	25245039
118	25292631
119	25286293
120	25322107
121	25222573
122	25259481
123	25267475
124	25308039
125	25305071
126	25230015
127	25252738
128	25235908
129	25291554
130	25357736
131	25332318
132	25341777
133	25328547
134	25243445
135	25299353
136	25251479
137	25278145
138	25382541
139	25275425
140	25285303
141	25315432
142	25307012
143	25245039
144	25292631
145	25286293
146	25322107
147	25222573
148	25259481
149	25267475
150	25308039
151	25305071
152	25230015
153	25252738
154	25235908
155	25291554
156	25357736
157	25332318
158	25341777
159	25328547
160	25243445
161	25299353
162	25251479
163	25278145
164	25382541
165	25275425
166	25285303
167	25315432
168	25307012
169	25245039
170	25292631
171	25286293
172	25322107
173	25222573
174	25259481
175	25267475
176	25308039
177	25305071
178	25230015
179	25252738
180	25235908
181	25291554
182	25357736
183	25332318
184	25341777
185	25328547
186	25243445
187	25299353
188	25251479
189	25278145
190	25382541
191	25275425
192	25285303
193	25315432
194	25307012
195	25245039
196	25292631
197	25286293
198	25322107
199	25222573
200	25259481
201	25267475
202	25308039
203	25305071
204	25230015
205	25252738
206	25235908
207	25291554
208	25357736
209	25332318
210	25341777
211	25328547
212	25243445
213	25299353
214	25251479
215	25278145
216	25382541
217	25275425
218	25285303
219	25315432
220	25307012
221	25245039
222	25292631
223	25286293
224	25322107
225	25222573
226	25259481
227	25267475
228	25308039
229	25305071
230	25230015
231	25252738
232	25235908
233	25291554
234	25357736
235	25332318
236	25341777
237	25328547
238	25243445
239	25299353
240	25251479
241	25278145
242	25382541
243	25275425
244	25285303
245	25315432
246	25307012
247	25245039
248	25292631
249	25286293
250	25322107
251	25222573
252	25259481
253	25267475
254	25308039
255	25305071
256	25230015
257	25252738
258	25235908
259	25291554
260	25357736
261	25332318
262	25341777
263	25328547
264	25243445
265	25299353
266	25251479
267	25278145
268	25382541
269	25275425
270	25285303
271	25315432
272	25307012
273	25245039
274	25292631
275	25286293
276	25322107
277	25222573
278	25259481
279	25267475
280	25308039
281	25305071
282	25230015
283	25252738
284	25235908
285	25291554
286	25357736
287	25332318
288	25341777
289	25328547
290	25243445
291	25299353
292	25251479
293	25278145
294	25382541
295	25275425
296	25285303
297	25315432
298	25307012
299	25245039
300	25292631
301	25286293
302	25322107
303	25222573
304	25259481
305	25267475
306	25308039
307	25305071
308	25230015
309	25252738
310	25235908
311	25291554
312	25357736
313	25332318
314	25341777
315	25328547
316	25243445
317	25299353
318	25251479
319	25278145
320	25382541
321	25275425
322	25285303
323	25315432
324	25307012
325	25245039
326	25292631
327	25286293
328	25322107
329	25222573
330	25259481
331	25267475
332	25308039
333	25305071
334	25230015
335	25252738
336	25235908
337	25291554
338	25357736
339	25332318
340	25341777
341	25328547
342	25243445
343	25299353
344	25251479
345	25278145
346	25382541
347	25275425
348	25285303
349	25315432
350	25307012
351	25245039
352	25292631
353	25286293
354	25322107
355	25222573
356	25259481
357	25267475
358	25308039
359	25305071
360	25230015
361	25252738
362	25235908
363	25291554
364	25357736
365	25332318
366	25341777
367	25328547
368	25243445
369	25299353
370	25251479
371	25278145
372	25382541
373	25275425
374	25285303
375	25315432
376	25307012
377	25245039
378	25292631
379	25286293
380	25322107
381	25222573
382	25259481
383	25267475
384	25308039
385	25305071
386	25230015
387	25252738
388	25235908
389	25291554
390	25357736
391	25332318
392	25341777
393	25328547
394	25243445
395	25299353
396	25251479
397	25278145
398	25382541
399	25275425
400	25285303
401	25315432
402	25307012
403	25245039
404	25292631
405	25286293
406	25322107
407	25222573
408	25259481
409	25267475
410	25308039
411	25305071
412	25230015
413	25252738
414	25235908
415	25291554
416	25357736
417	25332318
418	25341777
419	25328547
420	25243445
421	25299353
422	25251479
423	25278145
424	25382541
425	25275425
426	25285303
427	25315432
428	25307012
429	25245039
430	25292631
431	25286293
432	25322107
433	25222573
434	25259481
435	25267475
436	25308039
437	25305071
438	25230015
439	25252738
440	25235908
441	25291554
442	25357736
443	25332318
444	25341777
445	25328547
446	25243445
447	25299353
448	25251479
449	25278145
450	25382541
451	25275425
452	25285303
453	25315432
454	25307012
455	25245039
456	25292631
457	25286293
458	25322107
459	25222573
460	25259481
461	25267475
462	25308039
463	25305071
464	25230015
465	25252738
466	25235908
467	25291554
468	25357736
469	25332318
470	25341777
471	25328547
472	25243445
473	25299353
474	25251479
475	25278145
476	25382541
477	25275425
478	25285303
479	25315432
480	25307012
481	25245039
482	25292631
483	25286293
484	25322107
485	25222573
486	25259481
487	25267475
488	25308039
489	25305071
490	25230015
491	25252738
492	25235908
493	25291554
494	25357736
495	25332318
496	25341777
497	25328547
498	25243445
499	25299353
500	25251479
501	25278145
502	25382541
503	25275425
504	25285303
505	25315432
506	25307012
507	25245039
508	25292631
509	25286293
510	25322107
511	25222573
512	25259481
513	25267475
514	25308039
515	25305071
516	25230015
517	25252738
518	25235908
519	25291554
520	25357736
521	25332318
522	25341777
523	25328547
524	25243445
525	25299353
526	25251479
527	25278145
528	25382541
529	25275425
530	25285303
531	25315432
532	25307012
533	25245039
534	25292631
535	25286293
536	25322107
537	25222573
538	25259481
539	25267475
540	25308039
541	25305071
542	25230015
543	25252738
544	25235908
545	25291554
546	25357736
547	25332318
548	25341777
549	25328547
550	25243445
551	25299353
552	25251479
553	25278145
554	25382541
555	25275425
556	25285303
557	25315432
558	25307012
559	25245039
560	25292631
561	25286293
562	25322107
563	25222573
564	25259481
565	25267475
566	25308039
567	25305071
568	25230015
569	25252738
570	25235908
571	25291554
572	25357736
573	25332318
574	25341777
575	25328547
576	25243445
577	25299353
578	25251479
579	25278145
580	25382541
581	25275425
582	25285303
583	25315432
584	25307012
585	25245039
586	25292631
587	25286293
588	25322107
589	25222573
590	25259481
591	25267475
592	25308039
593	25305071
594	25230015
595	25252738
596	25235908
597	25291554
598	25357736
599	25332318
600	25341777
601	25328547
602	25243445
603	25299353
604	25251479
605	25278145
606	25382541
607	25275425
608	25285303
609	25315432
610	25307012
611	25245039
612	25292631
613	25286293
614	25322107
615	25222573
616	25259481
617	25267475
618	25308039
619	25305071
620	25230015
621	25252738
622	25235908
623	25291554
624	25357736
625	25332318
626	25341777
627	25328547
628	25243445
629	25299353
630	25251479
631	25278145
632	25382541
633	25275425
634	25285303
635	25315432
636	25307012
637	25245039
638	25292631
639	25286293
640	25322107
641	25222573
642	25259481
643	25267475
644	25308039
645	25305071
646	25230015
647	25252738
648	25235908
649	25291554
650	25357736
651	25332318
652	25341777
653	25328547
654	25243445
655	25299353
656	25251479
657	25278145
658	25382541
659	25275425
660	25285303
661	25315432
662	25307012
663	25245039
664	25292631
665	25286293
666	25322107
667	25222573
668	25259481
669	25267475
670	25308039
671	25305071
672	25230015
673	25252738
674	25235908
675	25291554
676	25357736
677	25332318
678	25341777
679	25328547
680	25243445
681	25299353
682	25251479
683	25278145
684	25382541
685	25275425
686	25285303
687	25315432
688	25307012
689	25245039
690	25292631
691	25286293
692	25322107
693	25222573
694	25259481
695	25267475
696	25308039
697	25305071
698	25230015
699	25252738
700	25235908
701	25291554
702	25357736
703	25332318
704	25341777
705	25328547
706	25243445
707	25299353
708	25251479
709	25278145
710	25382541
711	25275425
712	25285303
713	25315432
714	25307012
715	25245039
716	25292631
717	25286293
718	25322107
719	25222573
720	25259481
721	25267475
722	25308039
723	25305071
724	25230015
725	25252738
726	25235908
727	25291554
728	25357736
729	25332318
730	25341777
731	25328547
732	25243445
733	25299353
734	25251479
735	25278145
736	25382541
737	25275425
738	25285303
739	25315432
740	25307012
741	25245039
742	25292631
743	25286293
744	25322107
745	25222573
746	25259481
747	25267475
748	25308039
749	25305071
750	25230015
751	25252738
752	25235908
753	25291554
754	25357736
755	25332318
756	25341777
757	25328547
758	25243445
759	25299353
760	25251479
761	25278145
762	25382541
763	25275425
764	25285303
765	25315432
766	25307012
767	25245039
768	25292631
769	25286293
770	25322107
771	25222573
772	25259481
773	25267475
774	25308039
775	25305071
776	25230015
777	25252738
778	25235908
779	25291554
780	25357736
781	25332318
782	25341777
783	25328547
784	25243445
785	25299353
786	25251479
787	25278145
788	25382541
789	25275425
790	25285303
791	25315432
792	25307012
793	25245039
794	25292631
795	25286293
796	25322107
797	25222573
798	25259481
799	25267475
800	25308039
801	25305071
802	25230015
803	25252738
804	25235908
805	25291554
806	25357736
807	25332318
808	25341777
809	25328547
810	25243445
811	25299353
812	25251479
813	25278145
814	25382541
815	25275425
816	25285303
817	25315432
818	25307012
819	25245039
820	25292631
821	25286293
822	25322107
823	25222573
824	25259481
825	25267475
826	25308039
827	25305071
828	25230015
829	25252738
830	25235908
831	25291554
832	25357736
833	25332318
834	25341777
835	25328547
836	25243445
837	25299353
838	25251479
839	25278145
840	25382541
841	25275425
842	25285303
843	25315432
844	25307012
845	25245039
846	25292631
847	25286293
848	25322107
849	25222573
850	25259481
851	25267475
852	25308039
853	25305071
854	25230015
855	25252738
856	25235908
857	25291554
858	25357736
859	25332318
860	25341777
861	25328547
862	25243445
863	25299353
864	25251479
865	25278145
866	25382541
867	25275425
868	25285303
869	25315432
870	25307012
871	25245039
872	25292631
873	25286293
874	25322107
875	25222573
876	25259481
877	25267475
878	25308039
879	25305071
880	25230015
881	25252738
882	25235908
883	25291554
884	25357736
885	25332318
886	25341777
887	25328547
888	25243445
889	25299353
890	25251479
891	25278145
892	25382541
893	25275425
894	25285303
895	25315432
896	25307012
897	25245039
898	25292631
899	25286293
900	25322107
901	25222573
902	25259481
903	25267475
904	25308039
905	25305071
906	25230015
907	25252738
908	25235908
909	25291554
910	25357736
911	25332318
912	25341777
913	25328547
914	25243445
915	25299353
916	25251479
917	25278145
918	25382541
919	25275425
920	25285303
921	25315432
922	25307012
923	25245039
924	25292631
925	25286293
926	25322107
927	25222573
928	25259481
929	25267475
930	25308039
931	25305071
932	25230015
933	25252738
934	25235908
935	25291554
936	25357736
937	25332318
938	25341777
939	25328547
940	25243445
941	25299353
942	25251479
943	25278145
944	25382541
945	25275425
946	25285303
947	25315432
948	25307012
949	25245039
950	25292631
951	25286293
952	25322107
953	25222573
954	25259481
955	25267475
956	25308039
957	25305071
958	25230015
959	25252738
960	25235908
961	25291554
962	25357736
963	25332318
964	25341777
965	25328547
966	25243445
967	25299353
968	25251479
969	25278145
970	25382541
971	25275425
972	25285303
973	25315432
974	25307012
975	25245039
976	25292631
977	25286293
978	25322107
979	25222573
980	25259481
981	25267475
982	25308039
983	25305071
984	25230015
985	25252738
986	25235908
987	25291554
988	25357736
989	25332318
990	25341777
991	25328547
992	25243445
993	25299353
994	25251479
995	25278145
996	25382541
997	25275425
998	25285303
999	25315432
1000	25307012
1001	25245039
1002	25292631
1003	25286293
1004	25322107
1005	25222573
1006	25259481
1007	25267475
1008	25308039
1009	25305071
1010	25230015
1011	25252738
1012	25235908
1013	25291554
1014	25357736
1015	25332318
1016	25341777
1017	25328547
1018	25243445
1019	25299353
1020	25251479
1021	25278145
1022	25382541
1023	25275425
1024	25285303
1025	25315432
1026	25307012
1027	25245039
1028	25292631
1029	25286293
1030	25322107
1031	25222573
1032	25259481
1033	25267475
1034	25308039
1035	25305071
1036	25230015
1037	25252738
1038	25235908
1039	25291554
1040	25357736
1041	25332318
1042	25341777
1043	25328547
1044	25243445
1045	25299353
1046	25251479
1047	25278145
1048	25382541
1049	25275425
1050	25285303
1051	25315432
1052	25307012
1053	25245039
1054	25292631
1055	25286293
1056	25322107
1057	25222573
1058	25259481
1059	25267475
1060	25308039
1061	25305071
1062	25230015
1063	25252738
1064	25235908
1065	25291554
1066	25357736
1067	25332318
1068	25341777
1069	25328547
1070	25243445
1071	25299353
1072	25251479
1073	25278145
1074	25382541
1075	25275425
1076	25285303
1077	25315432
1078	25307012
1079	25245039
1080	25292631
1081	25286293
1082	25322107
1083	25222573
1084	25259481
1085	25267475
1086	25308039
1087	25305071
1088	25230015
1089	25252738
1090	25235908
1091	25291554
1092	25357736
1093	25332318
1094	25341777
1095	25328547
1096	25243445
1097	25299353
1098	25251479
1099	25278145
1100	25382541
1101	25275425
1102	25285303
1103	25315432
1104	25307012
1105	25245039
1106	25292631
1107	25286293
1108	25322107
1109	25222573
1110	25259481
1111	25267475
1112	25308039
1113	25305071
1114	25230015
1115	25252738
1116	25235908
1117	25291554
1118	25357736
1119	25332318
1120	25341777
1121	25328547
1122	25243445
1123	25299353
1124	25251479
1125	25278145
1126	25382541
1127	25275425
1128	25285303
1129	25315432
1130	25307012
1131	25245039
1132	25292631
1133	25286293
1134	25322107
1135	25222573
1136	25259481
1137	25267475
1138	25308039
1139	25305071
1140	25230015
1141	25252738
1142	25235908
1143	25291554
1144	25357736
1145	25332318
1146	25341777
1147	25328547
1148	25243445
1149	25299353
1150	25251479
1151	25278145
1152	25382541
1153	25275425
1154	25285303
1155	25315432
1156	25307012
1157	25245039
1158	25292631
1159	25286293
1160	25322107
1161	25222573
1162	25259481
1163	25267475
1164	25308039
1165	25305071
1166	25230015
1167	25252738
1168	25235908
1169	25291554
1170	25357736
1171	25332318
1172	25341777
1173	25328547
1174	25243445
1175	25299353
1176	25251479
1177	25278145
1178	25382541
1179	25275425
1180	25285303
1181	25315432
1182	25307012
1183	25245039
1184	25292631
1185	25286293
1186	25322107
1187	25222573
1188	25259481
1189	25267475
1190	25308039
1191	25305071
1192	25230015
1193	25252738
1194	25235908
1195	25291554
1196	25357736
1197	25332318
1198	25341777
1199	25328547
1200	25243445
1201	25299353
1202	25251479
1203	25278145
1204	25382541
1205	25275425
1206	25285303
1207	25315432
1208	25307012
1209	25245039
1210	25292631
1211	25286293
1212	25322107
1213	25222573
1214	25259481
1215	25267475
1216	25308039
1217	25305071
1218	25230015
1219	25252738
1220	25235908
1221	25291554
1222	25357736
1223	25332318
1224	25341777
1225	25328547
1226	25243445
1227	25299353
1228	25251479
1229	25278145
1230	25382541
1231	25275425
1232	25285303
1233	25315432
1234	25307012
1235	25245039
1236	25292631
1237	25286293
1238	25322107
1239	25222573
1240	25259481
1241	25267475
1242	25308039
1243	25305071
1244	25230015
1245	25252738
1246	25235908
1247	25291554
1248	25357736
1249	25332318
1250	25341777
1251	25328547
1252	25243445
1253	25299353
1254	25251479
1255	25278145
1256	25382541
1257	25275425
1258	25285303
1259	25315432
1260	25307012
1261	25245039
1262	25292631
1263	25286293
1264	25322107
1265	25222573
1266	25259481
1267	25267475
1268	25308039
1269	25305071
1270	25230015
1271	25252738
1272	25235908
1273	25291554
1274	25357736
1275	25332318
1276	25341777
1277	25328547
1278	25243445
1279	25299353
1280	25251479
1281	25278145
1282	25382541
1283	25275425
1284	25285303
1285	25315432
1286	25307012
1287	25245039
1288	25292631
1289	25286293
1290	25322107
1291	25222573
1292	25259481
1293	25267475
1294	25308039
1295	25305071
1296	25230015
1297	25252738
1298	25235908
1299	25291554
1300	25357736
1301	25332318
1302	25341777
1303	25328547
1304	25243445
1305	25299353
1306	25251479
1307	25278145
1308	25382541
1309	25275425
1310	25285303
1311	25315432
1312	25307012
1313	25245039
1314	25292631
1315	25286293
1316	25322107
1317	25222573
1318	25259481
1319	25267475
1320	25308039
1321	25305071
1322	25230015
1323	25252738
1324	25235908
1325	25291554
1326	25357736
1327	25332318
1328	25341777
1329	25328547
1330	25243445
1331	25299353
1332	25251479
1333	25278145
1334	25382541
1335	25275425
1336	25285303
1337	25315432
1338	25307012
1339	25245039
1340	25292631
1341	25286293
1342	25322107
1343	25222573
1344	25259481
1345	25267475
1346	25308039
1347	25305071
1348	25230015
1349	25252738
1350	25235908
1351	25291554
1352	25357736
1353	25332318
1354	25341777
1355	25328547
1356	25243445
1357	25299353
1358	25251479
1359	25278145
1360	25382541
1361	25275425
1362	25285303
1363	25315432
1364	25307012
1365	25245039
1366	25292631
1367	25286293
1368	25322107
1369	25222573
1370	25259481
1371	25267475
1372	25308039
1373	25305071
1374	25230015
1375	25252738
1376	25235908
1377	25291554
1378	25357736
1379	25332318
1380	25341777
1381	25328547
1382	25243445
1383	25299353
1384	25251479
1385	25278145
1386	25382541
1387	25275425
1388	25285303
1389	25315432
1390	25307012
1391	25245039
1392	25292631
1393	25286293
1394	25322107
1395	25222573
1396	25259481
1397	25267475
1398	25308039
1399	25305071
1400	25230015
1401	25252738
1402	25235908
1403	25291554
1404	25357736
1405	25332318
1406	25341777
1407	25328547
1408	25243445
1409	25299353
1410	25251479
1411	25278145
1412	25382541
1413	25275425
1414	25285303
1415	25315432
1416	25307012
1417	25245039
1418	25292631
1419	25286293
1420	25322107
1421	25222573
1422	25259481
1423	25267475
1424	25308039
1425	25305071
1426	25230015
1427	25252738
1428	25235908
1429	25291554
1430	25357736
1431	25332318
1432	25341777
1433	25328547
1434	25243445
1435	25299353
1436	25251479
1437	25278145
1438	25382541
1439	25275425
1440	25285303
1441	25315432
1442	25307012
1443	25245039
1444	25292631
1445	25286293
1446	25322107
1447	25222573
1448	25259481
1449	25267475
1450	25308039
1451	25305071
1452	25230015
1453	25252738
1454	25235908
1455	25291554
1456	25357736
1457	25332318
1458	25341777
1459	25328547
1460	25243445
1461	25299353
1462	25251479
1463	25278145
1464	25382541
1465	25275425
1466	25285303
1467	25315432
1468	25307012
1469	25245039
1470	25292631
1471	25286293
1472	25322107
1473	25222573
1474	25259481
1475	25267475
1476	25308039
1477	25305071
1478	25230015
1479	25252738
1480	25235908
1481	25291554
1482	25357736
1483	25332318
1484	25341777
1485	25328547
1486	25243445
1487	25299353
1488	25251479
1489	25278145
1490	25382541
1491	25275425
1492	25285303
1493	25315432
1494	25307012
1495	25245039
1496	25292631
1497	25286293
1498	25322107
1499	25222573
1500	25259481
1501	25267475
1502	25308039
1503	25305071
1504	25230015
1505	25252738
1506	25235908
1507	25291554
1508	25357736
1509	25332318
1510	25341777
1511	25328547
1512	25243445
1513	25299353
1514	25251479
1515	25278145
1516	25382541
1517	25275425
1518	25285303
1519	25315432
1520	25307012
1521	25245039
1522	25292631
1523	25286293
1524	25322107
1525	25222573
1526	25259481
1527	25267475
1528	25308039
1529	25305071
1530	25230015
1531	25252738
1532	25235908
1533	25291554
1534	25357736
1535	25332318
1536	25341777
1537	25328547
1538	25243445
1539	25299353
1540	25251479
1541	25278145
1542	25382541
1543	25275425
1544	25285303
1545	25315432
1546	25307012
1547	25245039
1548	25292631
1549	25286293
1550	25322107
1551	25222573
1552	25259481
1553	25267475
1554	25308039
1555	25305071
1556	25230015
1557	25252738
1558	25235908
1559	25291554
1560	25357736
1561	25332318
1562	25341777
1563	25328547
1564	25243445
1565	25299353
1566	25251479
1567	25278145
1568	25382541
1569	25275425
1570	25285303
1571	25315432
1572	25307012
1573	25245039
1574	25292631
1575	25286293
1576	25322107
1577	25222573
1578	25259481
1579	25267475
1580	25308039
1581	25305071
1582	25230015
1583	25252738
1584	25235908
1585	25291554
1586	25357736
1587	25332318
1588	25341777
1589	25328547
1590	25243445
1591	25299353
1592	25251479
1593	25278145
1594	25382541
1595	25275425
1596	25285303
1597	25315432
1598	25307012
1599	25245039
1600	25292631
1601	25286293
1602	25322107
1603	25222573
1604	25259481
1605	25267475
1606	25308039
1607	25305071
1608	25230015
1609	25252738
1610	25235908
1611	25291554
1612	25357736
1613	25332318
1614	25341777
1615	25328547
1616	25243445
1617	25299353
1618	25251479
1619	25278145
1620	25382541
1621	25275425
1622	25285303
1623	25315432
1624	25307012
1625	25245039
1626	25292631
1627	25286293
1628	25322107
1629	25222573
1630	25259481
1631	25267475
1632	25308039
1633	25305071
1634	25230015
1635	25252738
1636	25235908
1637	25291554
1638	25357736
1639	25332318
1640	25341777
1641	25328547
1642	25243445
1643	25299353
1644	25251479
1645	25278145
1646	25382541
1647	25275425
1648	25285303
1649	25315432
1650	25307012
1651	25245039
1652	25292631
1653	25286293
1654	25322107
1655	25222573
1656	25259481
1657	25267475
1658	25308039
1659	25305071
1660	25230015
1661	25252738
1662	25235908
1663	25291554
1664	25357736
1665	25332318
1666	25341777
1667	25328547
1668	25243445
1669	25299353
1670	25251479
1671	25278145
1672	25382541
1673	25275425
1674	25285303
1675	25315432
1676	25307012
1677	25245039
1678	25292631
1679	25286293
1680	25322107
1681	25222573
1682	25259481
1683	25267475
1684	25308039
1685	25305071
1686	25230015
1687	25252738
1688	25235908
1689	25291554
1690	25357736
1691	25332318
1692	25341777
1693	25328547
1694	25243445
1695	25299353
1696	25251479
1697	25278145
1698	25382541
1699	25275425
1700	25285303
1701	25315432
1702	25307012
1703	25245039
1704	25292631
1705	25286293
1706	25322107
1707	25222573
1708	25259481
1709	25267475
1710	25308039
1711	25305071
1712	25230015
1713	25252738
1714	25235908
1715	25291554
1716	25357736
1717	25332318
1718	25341777
1719	25328547
1720	25243445
1721	25299353
1722	25251479
1723	25278145
1724	25382541
1725	25275425
1726	25285303
1727	25315432
1728	25307012
1729	25245039
1730	25292631
1731	25286293
1732	25322107
1733	25222573
1734	25259481
1735	25267475
1736	25308039
1737	25305071
1738	25230015
1739	25252738
1740	25235908
1741	25291554
1742	25357736
1743	25332318
1744	25341777
1745	25328547
1746	25243445
1747	25299353
1748	25251479
1749	25278145
1750	25382541
1751	25275425
1752	25285303
1753	25315432
1754	25307012
1755	25245039
1756	25292631
1757	25286293
1758	25322107
1759	25222573
1760	25259481
1761	25267475
1762	25308039
1763	25305071
1764	25230015
1765	25252738
1766	25235908
1767	25291554
1768	25357736
1769	25332318
1770	25341777
1771	25328547
1772	25243445
1773	25299353
1774	25251479
1775	25278145
1776	25382541
1777	25275425
1778	25285303
1779	25315432
1780	25307012
1781	25245039
1782	25292631
1783	25286293
1784	25322107
1785	25222573
1786	25259481
1787	25267475
1788	25308039
1789	25305071
1790	25230015
1791	25252738
1792	25235908
1793	25291554
1794	25357736
1795	25332318
1796	25341777
1797	25328547
1798	25243445
1799	25299353
1800	25251479
1801	25278145
1802	25382541
1803	25275425
1804	25285303
1805	25315432
1806	25307012
1807	25245039
1808	25292631
1809	25286293
1810	25322107
1811	25222573
1812	25259481
1813	25267475
1814	25308039
1815	25305071
1816	25230015
1817	25252738
1818	25235908
1819	25291554
1820	25357736
1821	25332318
1822	25341777
1823	25328547
1824	25243445
1825	25299353
1826	25251479
1827	25278145
1828	25382541
1829	25275425
1830	25285303
1831	25315432
1832	25307012
1833	25245039
1834	25292631
1835	25286293
1836	25322107
1837	25222573
1838	25259481
1839	25267475
1840	25308039
1841	25305071
1842	25230015
1843	25252738
1844	25235908
1845	25291554
1846	25357736
1847	25332318
1848	25341777
1849	25328547
1850	25243445
1851	25299353
1852	25251479
1853	25278145
1854	25382541
1855	25275425
1856	25285303
1857	25315432
1858	25307012
1859	25245039
1860	25292631
1861	25286293
1862	25322107
1863	25222573
1864	25259481
1865	25267475
1866	25308039
1867	25305071
1868	25230015
1869	25252738
1870	25235908
1871	25291554
1872	25357736
1873	25332318
1874	25341777
1875	25328547
1876	25243445
1877	25299353
1878	25251479
1879	25278145
1880	25382541
1881	25275425
1882	25285303
1883	25315432
1884	25307012
1885	25245039
1886	25292631
1887	25286293
1888	25322107
1889	25222573
1890	25259481
1891	25267475
1892	25308039
1893	25305071
1894	25230015
1895	25252738
1896	25235908
1897	25291554
1898	25357736
1899	25332318
1900	25341777
1901	25328547
1902	25243445
1903	25299353
1904	25251479
1905	25278145
1906	25382541
1907	25275425
1908	25285303
1909	25315432
1910	25307012
1911	25245039
1912	25292631
1913	25286293
1914	25322107
1915	25222573
1916	25259481
1917	25267475
1918	25308039
1919	25305071
1920	25230015
1921	25252738
1922	25235908
1923	25291554
1924	25357736
1925	25332318
1926	25341777
1927	25328547
1928	25243445
1929	25299353
1930	25251479
1931	25278145
1932	25382541
1933	25275425
1934	25285303
1935	25315432
1936	25307012
1937	25245039
1938	25292631
1939	25286293
1940	25322107
1941	25222573
1942	25259481
1943	25267475
1944	25308039
1945	25305071
1946	25230015
1947	25252738
1948	25235908
1949	25291554
1950	25357736
1951	25332318
1952	25341777
1953	25328547
1954	25243445
1955	25299353
1956	25251479
1957	25278145
1958	25382541
1959	25275425
1960	25285303
1961	25315432
1962	25307012
1963	25245039
1964	25292631
1965	25286293
1966	25322107
1967	25222573
1968	25259481
1969	25267475
1970	25308039
1971	25305071
1972	25230015
1973	25252738
1974	25235908
1975	25291554
1976	25357736
1977	25332318
1978	25341777
1979	25328547
1980	25243445
1981	25299353
1982	25251479
1983	25278145
1984	25382541
1985	25275425
1986	25285303
1987	25315432
1988	25307012
1989	25245039
1990	25292631
1991	25286293
1992	25322107
1993	25222573
1994	25259481
1995	25267475
1996	25308039
1997	25305071
1998	25230015
1999	25252738
2000	25235908
2001	25291554
2002	25357736
2003	25332318
2004	25341777
2005	25328547
2006	25243445
2007	25299353
2008	25251479
2009	25278145
2010	25382541
2011	25275425
2012	25285303
2013	25315432
2014	25307012
2015	25245039
2016	25292631
2017	25286293
2018	25322107
2019	25222573
2020	25259481
2021	25267475
2022	25308039
2023	25305071
2024	25230015
2025	25252738
2026	25235908
2027	25291554
2028	25357736
2029	25332318
2030	25341777
2031	25328547
2032	25243445
2033	25299353
2034	25251479
2035	25278145
2036	25382541
2037	25275425
2038	25285303
2039	25315432
2040	25307012
2041	25245039
2042	25292631
2043	25286293
2044	25322107
2045	25222573
2046	25259481
2047	25267475
2048	25308039
2049	25305071
2050	25230015
2051	25252738
2052	25235908
2053	25291554
2054	25357736
2055	25332318
2056	25341777
2057	25328547
2058	25243445
2059	25299353
2060	25251479
2061	25278145
2062	25382541
2063	25275425
2064	25285303
2065	25315432
2066	25307012
2067	25245039
2068	25292631
2069	25286293
2070	25322107
2071	25222573
2072	25259481
2073	25267475
2074	25308039
2075	25305071
2076	25230015
2077	25252738
2078	25235908
2079	25291554
2080	25357736
2081	25332318
2082	25341777
2083	25328547
2084	25243445
2085	25299353
2086	25251479
2087	25278145
2088	25382541
2089	25275425
2090	25285303
2091	25315432
2092	25307012
2093	25245039
2094	25292631
2095	25286293
2096	25322107
2097	25222573
2098	25259481
2099	25267475
2100	25308039
2101	25305071
2102	25230015
2103	25252738
2104	25235908
2105	25291554
2106	25357736
2107	25332318
2108	25341777
2109	25328547
2110	25243445
2111	25299353
2112	25251479
2113	25278145
2114	25382541
2115	25275425
2116	25285303
2117	25315432
2118	25307012
2119	25245039
2120	25292631
2121	25286293
2122	25322107
2123	25222573
2124	25259481
2125	25267475
2126	25308039
2127	25305071
2128	25230015
2129	25252738
2130	25235908
2131	25291554
2132	25357736
2133	25332318
2134	25341777
2135	25328547
2136	25243445
2137	25299353
2138	25251479
2139	25278145
2140	25382541
2141	25275425
2142	25285303
2143	25315432
2144	25307012
2145	25245039
2146	25292631
2147	25286293
2148	25322107
2149	25222573
2150	25259481
2151	25267475
2152	25308039
2153	25305071
2154	25230015
2155	25252738
2156	25235908
2157	25291554
2158	25357736
2159	25332318
2160	25341777
2161	25328547
2162	25243445
2163	25299353
2164	25251479
2165	25278145
2166	25382541
2167	25275425
2168	25285303
2169	25315432
2170	25307012
2171	25245039
2172	25292631
2173	25286293
2174	25322107
2175	25222573
2176	25259481
2177	25267475
2178	25308039
2179	25305071
2180	25230015
2181	25252738
2182	25235908
2183	25291554
2184	25357736
2185	25332318
2186	25341777
2187	25328547
2188	25243445
2189	25299353
2190	25251479
2191	25278145
2192	25382541
2193	25275425
2194	25285303
2195	25315432
2196	25307012
2197	25245039
2198	25292631
2199	25286293
2200	25322107
2201	25222573
2202	25259481
2203	25267475
2204	25308039
2205	25305071
2206	25230015
2207	25252738
2208	25235908
2209	25291554
2210	25357736
2211	25332318
2212	25341777
2213	25328547
2214	25243445
2215	25299353
2216	25251479
2217	25278145
2218	25382541
2219	25275425
2220	25285303
2221	25315432
2222	25307012
2223	25245039
2224	25292631
2225	25286293
2226	25322107
2227	25222573
2228	25259481
2229	25267475
2230	25308039
2231	25305071
2232	25230015
2233	25252738
2234	25235908
2235	25291554
2236	25357736
2237	25332318
2238	25341777
2239	25328547
2240	25243445
2241	25299353
2242	25251479
2243	25278145
2244	25382541
2245	25275425
2246	25285303
2247	25315432
2248	25307012
2249	25245039
2250	25292631
2251	25286293
2252	25322107
2253	25222573
2254	25259481
2255	25267475
2256	25308039
2257	25305071
2258	25230015
2259	25252738
2260	25235908
2261	25291554
2262	25357736
2263	25332318
2264	25341777
2265	25328547
2266	25243445
2267	25299353
2268	25251479
2269	25278145
2270	25382541
2271	25275425
2272	25285303
2273	25315432
2274	25307012
2275	25245039
2276	25292631
2277	25286293
2278	25322107
2279	25222573
2280	25259481
2281	25267475
2282	25308039
2283	25305071
2284	25230015
2285	25252738
2286	25235908
2287	25291554
2288	25357736
2289	25332318
2290	25341777
2291	25328547
2292	25243445
2293	25299353
2294	25251479
2295	25278145
2296	25382541
2297	25275425
2298	25285303
2299	25315432
2300	25307012
2301	25245039
2302	25292631
2303	25286293
2304	25322107
2305	25222573
2306	25259481
2307	25267475
2308	25308039
2309	25305071
2310	25230015
2311	25252738
2312	25235908
2313	25291554
2314	25357736
2315	25332318
2316	25341777
2317	25328547
2318	25243445
2319	25299353
2320	25251479
2321	25278145
2322	25382541
2323	25275425
2324	25285303
2325	25315432
2326	25307012
2327	25245039
2328	25292631
2329	25286293
2330	25322107
2331	25222573
2332	25259481
2333	25267475
2334	25308039
2335	25305071
2336	25230015
2337	25252738
2338	25235908
2339	25291554
2340	25357736
2341	25332318
2342	25341777
2343	25328547
2344	25243445
2345	25299353
2346	25251479
2347	25278145
2348	25382541
2349	25275425
2350	25285303
2351	25315432
2352	25307012
2353	25245039
2354	25292631
2355	25286293
2356	25322107
2357	25222573
2358	25259481
2359	25267475
2360	25308039
2361	25305071
2362	25230015
2363	25252738
2364	25235908
2365	25291554
2366	25357736
2367	25332318
2368	25341777
2369	25328547
2370	25243445
2371	25299353
2372	25251479
2373	25278145
2374	25382541
2375	25275425
2376	25285303
2377	25315432
2378	25307012
2379	25245039
2380	25292631
2381	25286293
2382	25322107
2383	25222573
2384	25259481
2385	25267475
2386	25308039
2387	25305071
2388	25230015
2389	25252738
2390	25235908
2391	25291554
2392	25357736
2393	25332318
2394	25341777
2395	25328547
2396	25243445
2397	25299353
2398	25251479
2399	25278145
2400	25382541
2401	25275425
2402	25285303
2403	25315432
2404	25307012
2405	25245039
2406	25292631
2407	25286293
2408	25322107
2409	25222573
2410	25259481
2411	25267475
2412	25308039
2413	25305071
2414	25230015
2415	25252738
2416	25235908
2417	25291554
2418	25357736
2419	25332318
2420	25341777
2421	25328547
2422	25243445
2423	25299353
2424	25251479
2425	25278145
2426	25382541
2427	25275425
2428	25285303
2429	25315432
2430	25307012
2431	25245039
2432	25292631
2433	25286293
2434	25322107
2435	25222573
2436	25259481
2437	25267475
2438	25308039
2439	25305071
2440	25230015
2441	25252738
2442	25235908
2443	25291554
2444	25357736
2445	25332318
2446	25341777
2447	25328547
2448	25243445
2449	25299353
2450	25251479
2451	25278145
2452	25382541
2453	25275425
2454	25285303
2455	25315432
2456	25307012
2457	25245039
2458	25292631
2459	25286293
2460	25322107
2461	25222573
2462	25259481
2463	25267475
2464	25308039
2465	25305071
2466	25230015
2467	25252738
2468	25235908
2469	25291554
2470	25357736
2471	25332318
2472	25341777
2473	25328547
2474	25243445
2475	25299353
2476	25251479
2477	25278145
2478	25382541
2479	25275425
2480	25285303
2481	25315432
2482	25307012
2483	25245039
2484	25292631
2485	25286293
2486	25322107
2487	25222573
2488	25259481
2489	25267475
2490	25308039
2491	25305071
2492	25230015
2493	25252738
2494	25235908
2495	25291554
2496	25357736
2497	25332318
2498	25341777
2499	25328547
2500	25243445
2501	25299353
2502	25251479
2503	25278145
2504	25382541
2505	25275425
2506	25285303
2507	25315432
2508	25307012
2509	25245039
2510	25292631
2511	25286293
2512	25322107
2513	25222573
2514	25259481
2515	25267475
2516	25308039
2517	25305071
2518	25230015
2519	25252738
2520	25235908
2521	25291554
2522	25357736
2523	25332318
2524	25341777
2525	25328547
2526	25243445
2527	25299353
2528	25251479
2529	25278145
2530	25382541
2531	25275425
2532	25285303
2533	25315432
2534	25307012
2535	25245039
2536	25292631
2537	25286293
2538	25322107
2539	25222573
2540	25259481
2541	25267475
2542	25308039
2543	25305071
2544	25230015
2545	25252738
2546	25235908
2547	25291554
2548	25357736
2549	25332318
2550	25341777
2551	25328547
2552	25243445
2553	25299353
2554	25251479
2555	25278145
2556	25382541
2557	25275425
2558	25285303
2559	25315432
2560	25307012
2561	25245039
2562	25292631
2563	25286293
2564	25322107
2565	25222573
2566	25259481
2567	25267475
2568	25308039
2569	25305071
2570	25230015
2571	25252738
2572	25235908
2573	25291554
2574	25357736
2575	25332318
2576	25341777
2577	25328547
2578	25243445
2579	25299353
2580	25251479
2581	25278145
2582	25382541
2583	25275425
2584	25285303
2585	25315432
2586	25307012
2587	25245039
2588	25292631
2589	25286293
2590	25322107
2591	25222573
2592	25259481
2593	25267475
2594	25308039
2595	25305071
2596	25230015
2597	25252738
2598	25235908
2599	25291554
2600	25357736
2601	25332318
2602	25341777
2603	25328547
2604	25243445
2605	25299353
2606	25251479
2607	25278145
2608	25382541
2609	25275425
2610	25285303
2611	25315432
2612	25307012
2613	25245039
2614	25292631
2615	25286293
2616	25322107
2617	25222573
2618	25259481
2619	25267475
2620	25308039
2621	25305071
2622	25230015
2623	25252738
2624	25235908
2625	25291554
2626	25357736
2627	25332318
2628	25341777
2629	25328547
2630	25243445
2631	25299353
2632	25251479
2633	25278145
2634	25382541
2635	25275425
2636	25285303
2637	25315432
2638	25307012
2639	25245039
2640	25292631
2641	25286293
2642	25322107
2643	25222573
2644	25259481
2645	25267475
2646	25308039
2647	25305071
2648	25230015
2649	25252738
2650	25235908
2651	25291554
2652	25357736
2653	25332318
2654	25341777
2655	25328547
2656	25243445
2657	25299353
2658	25251479
2659	25278145
2660	25382541
2661	25275425
2662	25285303
2663	25315432
2664	25307012
2665	25245039
2666	25292631
2667	25286293
2668	25322107
2669	25222573
2670	25259481
2671	25267475
2672	25308039
2673	25305071
2674	25230015
2675	25252738
2676	25235908
2677	25291554
2678	25357736
2679	25332318
2680	25341777
2681	25328547
2682	25243445
2683	25299353
2684	25251479
2685	25278145
2686	25382541
2687	25275425
2688	25285303
2689	25315432
2690	25307012
2691	25245039
2692	25292631
2693	25286293
2694	25322107
2695	25222573
2696	25259481
2697	25267475
2698	25308039
2699	25305071
2700	25230015
2701	25252738
2702	25235908
2703	25291554
2704	25357736
2705	25332318
2706	25341777
2707	25328547
2708	25243445
2709	25299353
2710	25251479
2711	25278145
2712	25382541
2713	25275425
2714	25285303
2715	25315432
2716	25307012
2717	25245039
2718	25292631
2719	25286293
2720	25322107
2721	25222573
2722	25259481
2723	25267475
2724	25308039
2725	25305071
2726	25230015
2727	25252738
2728	25235908
2729	25291554
2730	25357736
2731	25332318
2732	25341777
2733	25328547
2734	25243445
2735	25299353
2736	25251479
2737	25278145
2738	25382541
2739	25275425
2740	25285303
2741	25315432
2742	25307012
2743	25245039
2744	25292631
2745	25286293
2746	25322107
2747	25222573
2748	25259481
2749	25267475
2750	25308039
2751	25305071
2752	25230015
2753	25252738
2754	25235908
2755	25291554
2756	25357736
2757	25332318
2758	25341777
2759	25328547
2760	25243445
2761	25299353
2762	25251479
2763	25278145
2764	25382541
2765	25275425
2766	25285303
2767	25315432
2768	25307012
2769	25245039
2770	25292631
2771	25286293
2772	25322107
2773	25222573
2774	25259481
2775	25267475
2776	25308039
2777	25305071
2778	25230015
2779	25252738
2780	25235908
2781	25291554
2782	25357736
2783	25332318
2784	25341777
2785	25328547
2786	25243445
2787	25299353
2788	25251479
2789	25278145
2790	25382541
2791	25275425
2792	25285303
2793	25315432
2794	25307012
2795	25245039
2796	25292631
2797	25286293
2798	25322107
2799	25222573
2800	25259481
2801	25267475
2802	25308039
2803	25305071
2804	25230015
2805	25252738
2806	25235908
2807	25291554
2808	25357736
2809	25332318
2810	25341777
2811	25328547
2812	25243445
2813	25299353
2814	25251479
2815	25278145
2816	25382541
2817	25275425
2818	25285303
2819	25315432
2820	25307012
2821	25245039
2822	25292631
2823	25286293
2824	25322107
2825	25222573
2826	25259481
2827	25267475
2828	25308039
2829	25305071
2830	25230015
2831	25252738
2832	25235908
2833	25291554
2834	25357736
2835	25332318
2836	25341777
2837	25328547
2838	25243445
2839	25299353
2840	25251479
2841	25278145
2842	25382541
2843	25275425
2844	25285303
2845	25315432
2846	25307012
2847	25245039
2848	25292631
2849	25286293
2850	25322107
2851	25222573
2852	25259481
2853	25267475
2854	25308039
2855	25305071
2856	25230015
2857	25252738
2858	25235908
2859	25291554
2860	25357736
2861	25332318
2862	25341777
2863	25328547
2864	25243445
2865	25299353
2866	25251479
2867	25278145
2868	25382541
2869	25275425
2870	25285303
2871	25315432
2872	25307012
2873	25245039
2874	25292631
2875	25286293
2876	25322107
2877	25222573
2878	25259481
2879	25267475
2880	25308039
2881	25305071
2882	25230015
2883	25252738
2884	25235908
2885	25291554
2886	25357736
2887	25332318
2888	25341777
2889	25328547
2890	25243445
2891	25299353
2892	25251479
2893	25278145
2894	25382541
2895	25275425
2896	25285303
2897	25315432
2898	25307012
2899	25245039
2900	25292631
2901	25286293
2902	25322107
2903	25222573
2904	25259481
2905	25267475
2906	25308039
2907	25305071
2908	25230015
2909	25252738
2910	25235908
2911	25291554
2912	25357736
2913	25332318
2914	25341777
2915	25328547
2916	25243445
2917	25299353
2918	25251479
2919	25278145
2920	25382541
2921	25275425
2922	25285303
2923	25315432
2924	25307012
2925	25245039
2926	25292631
2927	25286293
2928	25322107
2929	25222573
2930	25259481
2931	25267475
2932	25308039
2933	25305071
2934	25230015
2935	25252738
2936	25235908
2937	25291554
2938	25357736
2939	25332318
2940	25341777
2941	25328547
2942	25243445
2943	25299353
2944	25251479
2945	25278145
2946	25382541
2947	25275425
2948	25285303
2949	25315432
2950	25307012
2951	25245039
2952	25292631
2953	25286293
2954	25322107
2955	25222573
2956	25259481
2957	25267475
2958	25308039
2959	25305071
2960	25230015
2961	25252738
2962	25235908
2963	25291554
2964	25357736
2965	25332318
2966	25341777
2967	25328547
2968	25243445
2969	25299353
2970	25251479
2971	25278145
2972	25382541
2973	25275425
2974	25285303
2975	25315432
2976	25307012
2977	25245039
2978	25292631
2979	25286293
2980	25322107
2981	25222573
2982	25259481
2983	25267475
2984	25308039
2985	25305071
2986	25230015
2987	25252738
2988	25235908
2989	25291554
2990	25357736
2991	25332318
2992	25341777
2993	25328547
2994	25243445
2995	25299353
2996	25251479
2997	25278145
2998	25382541
2999	25275425
3000	25285303
3001	25315432
3002	25307012
3003	25245039
3004	25292631
3005	25286293
3006	25322107
3007	25222573
3008	25259481
3009	25267475
3010	25308039
3011	25305071
3012	25230015
3013	25252738
3014	25235908
3015	25291554
3016	25357736
3017	25332318
3018	25341777
3019	25328547
3020	25243445
3021	25299353
3022	25251479
3023	25278145
3024	25382541
3025	25275425
3026	25285303
3027	25315432
3028	25307012
3029	25245039
3030	25292631
3031	25286293
3032	25322107
3033	25222573
3034	25259481
3035	25267475
3036	25308039
3037	25305071
3038	25230015
3039	25252738
3040	25235908
3041	25291554
3042	25357736
3043	25332318
3044	25341777
3045	25328547
3046	25243445
3047	25299353
3048	25251479
3049	25278145
3050	25382541
3051	25275425
3052	25285303
3053	25315432
3054	25307012
3055	25245039
3056	25292631
3057	25286293
3058	25322107
3059	25222573
3060	25259481
3061	25267475
3062	25308039
3063	25305071
3064	25230015
3065	25252738
3066	25235908
3067	25291554
3068	25357736
3069	25332318
3070	25341777
3071	25328547
3072	25243445
3073	25299353
3074	25251479
3075	25278145
3076	25382541
3077	25275425
3078	25285303
3079	25315432
3080	25307012
3081	25245039
3082	25292631
3083	25286293
3084	25322107
3085	25222573
3086	25259481
3087	25267475
3088	25308039
3089	25305071
3090	25230015
3091	25252738
3092	25235908
3093	25291554
3094	25357736
3095	25332318
3096	25341777
3097	25328547
3098	25243445
3099	25299353
3100	25251479
3101	25278145
3102	25382541
3103	25275425
3104	25285303
3105	25315432
3106	25307012
3107	25245039
3108	25292631
3109	25286293
3110	25322107
3111	25222573
3112	25259481
3113	25267475
3114	25308039
3115	25305071
3116	25230015
3117	25252738
3118	25235908
3119	25291554
3120	25357736
3121	25332318
3122	25341777
3123	25328547
3124	25243445
3125	25299353
3126	25251479
3127	25278145
3128	25382541
3129	25275425
3130	25285303
3131	25315432
3132	25307012
3133	25245039
3134	25292631
3135	25286293
3136	25322107
3137	25222573
3138	25259481
3139	25267475
3140	25308039
3141	25305071
3142	25230015
3143	25252738
3144	25235908
3145	25291554
3146	25357736
3147	25332318
3148	25341777
3149	25328547
3150	25243445
3151	25299353
3152	25251479
3153	25278145
3154	25382541
3155	25275425
3156	25285303
3157	25315432
3158	25307012
3159	25245039
3160	25292631
3161	25286293
3162	25322107
3163	25222573
3164	25259481
3165	25267475
3166	25308039
3167	25305071
3168	25230015
3169	25252738
3170	25235908
3171	25291554
3172	25357736
3173	25332318
3174	25341777
3175	25328547
3176	25243445
3177	25299353
3178	25251479
3179	25278145
3180	25382541
3181	25275425
3182	25285303
3183	25315432
3184	25307012
3185	25245039
3186	25292631
3187	25286293
3188	25322107
3189	25222573
3190	25259481
3191	25267475
3192	25308039
3193	25305071
3194	25230015
3195	25252738
3196	25235908
3197	25291554
3198	25357736
3199	25332318
3200	25341777
3201	25328547
3202	25243445
3203	25299353
3204	25251479
3205	25278145
3206	25382541
3207	25275425
3208	25285303
3209	25315432
3210	25307012
3211	25245039
3212	25292631
3213	25286293
3214	25322107
3215	25222573
3216	25259481
3217	25267475
3218	25308039
3219	25305071
3220	25230015
3221	25252738
3222	25235908
3223	25291554
3224	25357736
3225	25332318
3226	25341777
3227	25328547
3228	25243445
3229	25299353
3230	25251479
3231	25278145
3232	25382541
3233	25275425
3234	25285303
3235	25315432
3236	25307012
3237	25245039
3238	25292631
3239	25286293
3240	25322107
3241	25222573
3242	25259481
3243	25267475
3244	25308039
3245	25305071
3246	25230015
3247	25252738
3248	25235908
3249	25291554
3250	25357736
3251	25332318
3252	25341777
3253	25328547
3254	25243445
3255	25299353
3256	25251479
3257	25278145
3258	25382541
3259	25275425
3260	25285303
3261	25315432
3262	25307012
3263	25245039
3264	25292631
3265	25286293
3266	25322107
3267	25222573
3268	25259481
3269	25267475
3270	25308039
3271	25305071
3272	25230015
3273	25252738
3274	25235908
3275	25291554
3276	25357736
3277	25332318
3278	25341777
3279	25328547
3280	25243445
3281	25299353
3282	25251479
3283	25278145
3284	25382541
3285	25275425
3286	25285303
3287	25315432
3288	25307012
3289	25245039
3290	25292631
3291	25286293
3292	25322107
3293	25222573
3294	25259481
3295	25267475
3296	25308039
3297	25305071
3298	25230015
3299	25252738
3300	25235908
3301	25291554
3302	25357736
3303	25332318
3304	25341777
3305	25328547
3306	25243445
3307	25299353
3308	25251479
3309	25278145
3310	25382541
3311	25275425
3312	25285303
3313	25315432
3314	25307012
3315	25245039
3316	25292631
3317	25286293
3318	25322107
3319	25222573
3320	25259481
3321	25267475
3322	25308039
3323	25305071
3324	25230015
3325	25252738
3326	25235908
3327	25291554
3328	25357736
3329	25332318
3330	25341777
3331	25328547
3332	25243445
3333	25299353
3334	25251479
3335	25278145
3336	25382541
3337	25275425
3338	25285303
3339	25315432
3340	25307012
3341	25245039
3342	25292631
3343	25286293
3344	25322107
3345	25222573
3346	25259481
3347	25267475
3348	25308039
3349	25305071
3350	25230015
3351	25252738
3352	25235908
3353	25291554
3354	25357736
3355	25332318
3356	25341777
3357	25328547
3358	25243445
3359	25299353
3360	25251479
3361	25278145
3362	25382541
3363	25275425
3364	25285303
3365	25315432
3366	25307012
3367	25245039
3368	25292631
3369	25286293
3370	25322107
3371	25222573
3372	25259481
3373	25267475
3374	25308039
3375	25305071
3376	25230015
3377	25252738
3378	25235908
3379	25291554
3380	25357736
3381	25332318
3382	25341777
3383	25328547
3384	25243445
3385	25299353
3386	25251479
3387	25278145
3388	25382541
3389	25275425
3390	25285303
3391	25315432
3392	25307012
3393	25245039
3394	25292631
3395	25286293
3396	25322107
3397	25222573
3398	25259481
3399	25267475
3400	25308039
3401	25305071
3402	25230015
3403	25252738
3404	25235908
3405	25291554
3406	25357736
3407	25332318
3408	25341777
3409	25328547
3410	25243445
3411	25299353
3412	25251479
3413	25278145
3414	25382541
3415	25275425
3416	25285303
3417	25315432
3418	25307012
3419	25245039
3420	25292631
3421	25286293
3422	25322107
3423	25222573
3424	25259481
3425	25267475
3426	25308039
3427	25305071
3428	25230015
3429	25252738
3430	25235908
3431	25291554
3432	25357736
3433	25332318
3434	25341777
3435	25328547
3436	25243445
3437	25299353
3438	25251479
3439	25278145
3440	25382541
3441	25275425
3442	25285303
3443	25315432
3444	25307012
3445	25245039
3446	25292631
3447	25286293
3448	25322107
3449	25222573
3450	25259481
3451	25267475
3452	25308039
3453	25305071
3454	25230015
3455	25252738
3456	25235908
3457	25291554
3458	25357736
3459	25332318
3460	25341777
3461	25328547
3462	25243445
3463	25299353
3464	25251479
3465	25278145
3466	25382541
3467	25275425
3468	25285303
3469	25315432
3470	25307012
3471	25245039
3472	25292631
3473	25286293
3474	25322107
3475	25222573
3476	25259481
3477	25267475
3478	25308039
3479	25305071
3480	25230015
3481	25252738
3482	25235908
3483	25291554
3484	25357736
3485	25332318
3486	25341777
3487	25328547
3488	25243445
3489	25299353
3490	25251479
3491	25278145
3492	25382541
3493	25275425
3494	25285303
3495	25315432
3496	25307012
3497	25245039
3498	25292631
3499	25286293
3500	25322107
3501	25222573
3502	25259481
3503	25267475
3504	25308039
3505	25305071
3506	25230015
3507	25252738
3508	25235908
3509	25291554
3510	25357736
3511	25332318
3512	25341777
3513	25328547
3514	25243445
3515	25299353
3516	25251479
3517	25278145
3518	25382541
3519	25275425
3520	25285303
3521	25315432
3522	25307012
3523	25245039
3524	25292631
3525	25286293
3526	25322107
3527	25222573
3528	25259481
3529	25267475
3530	25308039
3531	25305071
3532	25230015
3533	25252738
3534	25235908
3535	25291554
3536	25357736
3537	25332318
3538	25341777
3539	25328547
3540	25243445
3541	25299353
3542	25251479
3543	25278145
3544	25382541
3545	25275425
3546	25285303
3547	25315432
3548	25307012
3549	25245039
3550	25292631
3551	25286293
3552	25322107
3553	25222573
3554	25259481
3555	25267475
3556	25308039
3557	25305071
3558	25230015
3559	25252738
3560	25235908
3561	25291554
3562	25357736
3563	25332318
3564	25341777
3565	25328547
3566	25243445
3567	25299353
3568	25251479
3569	25278145
3570	25382541
3571	25275425
3572	25285303
3573	25315432
3574	25307012
3575	25245039
3576	25292631
3577	25286293
3578	25322107
3579	25222573
3580	25259481
3581	25267475
3582	25308039
3583	25305071
3584	25230015
3585	25252738
3586	25235908
3587	25291554
3588	25357736
3589	25332318
3590	25341777
3591	25328547
3592	25243445
3593	25299353
3594	25251479
3595	25278145
3596	25382541
3597	25275425
3598	25285303
3599	25315432
3600	25307012
3601	25245039
3602	25292631
3603	25286293
3604	25322107
3605	25222573
3606	25259481
3607	25267475
3608	25308039
3609	25305071
3610	25230015
3611	25252738
3612	25235908
3613	25291554
3614	25357736
3615	25332318
3616	25341777
3617	25328547
3618	25243445
3619	25299353
3620	25251479
3621	25278145
3622	25382541
3623	25275425
3624	25285303
3625	25315432
3626	25307012
3627	25245039
3628	25292631
3629	25286293
3630	25322107
3631	25222573
3632	25259481
3633	25267475
3634	25308039
3635	25305071
3636	25230015
3637	25252738
3638	25235908
3639	25291554
3640	25357736
3641	25332318
3642	25341777
3643	25328547
3644	25243445
3645	25299353
3646	25251479
3647	25278145
3648	25382541
3649	25275425
3650	25285303
3651	25315432
3652	25307012
3653	25245039
3654	25292631
3655	25286293
3656	25322107
3657	25222573
3658	25259481
3659	25267475
3660	25308039
3661	25305071
3662	25230015
3663	25252738
3664	25235908
3665	25291554
3666	25357736
3667	25332318
3668	25341777
3669	25328547
3670	25243445
3671	25299353
3672	25251479
3673	25278145
3674	25382541
3675	25275425
3676	25285303
3677	25315432
3678	25307012
3679	25245039
3680	25292631
3681	25286293
3682	25322107
3683	25222573
3684	25259481
3685	25267475
3686	25308039
3687	25305071
3688	25230015
3689	25252738
3690	25235908
3691	25291554
3692	25357736
3693	25332318
3694	25341777
3695	25328547
3696	25243445
3697	25299353
3698	25251479
3699	25278145
3700	25382541
3701	25275425
3702	25285303
3703	25315432
3704	25307012
3705	25245039
3706	25292631
3707	25286293
3708	25322107
3709	25222573
3710	25259481
3711	25267475
3712	25308039
3713	25305071
3714	25230015
3715	25252738
3716	25235908
3717	25291554
3718	25357736
3719	25332318
3720	25341777
3721	25328547
3722	25243445
3723	25299353
3724	25251479
3725	25278145
3726	25382541
3727	25275425
3728	25285303
3729	25315432
3730	25307012
3731	25245039
3732	25292631
3733	25286293
3734	25322107
3735	25222573
3736	25259481
3737	25267475
3738	25308039
3739	25305071
3740	25230015
3741	25252738
3742	25235908
3743	25291554
3744	25357736
3745	25332318
3746	25341777
3747	25328547
3748	25243445
3749	25299353
3750	25251479
3751	25278145
3752	25382541
3753	25275425
3754	25285303
3755	25315432
3756	25307012
3757	25245039
3758	25292631
3759	25286293
3760	25322107
3761	25222573
3762	25259481
3763	25267475
3764	25308039
3765	25305071
3766	25230015
3767	25252738
3768	25235908
3769	25291554
3770	25357736
3771	25332318
3772	25341777
3773	25328547
3774	25243445
3775	25299353
3776	25251479
3777	25278145
3778	25382541
3779	25275425
3780	25285303
3781	25315432
3782	25307012
3783	25245039
3784	25292631
3785	25286293
3786	25322107
3787	25222573
3788	25259481
3789	25267475
3790	25308039
3791	25305071
3792	25230015
3793	25252738
3794	25235908
3795	25291554
3796	25357736
3797	25332318
3798	25341777
3799	25328547
3800	25243445
3801	25299353
3802	25251479
3803	25278145
3804	25382541
3805	25275425
3806	25285303
3807	25315432
3808	25307012
3809	25245039
3810	25292631
3811	25286293
3812	25322107
3813	25222573
3814	25259481
3815	25267475
3816	25308039
3817	25305071
3818	25230015
3819	25252738
3820	25235908
3821	25291554
3822	25357736
3823	25332318
3824	25341777
3825	25328547
3826	25243445
3827	25299353
3828	25251479
3829	25278145
3830	25382541
3831	25275425
3832	25285303
3833	25315432
3834	25307012
3835	25245039
3836	25292631
3837	25286293
3838	25322107
3839	25222573
3840	25259481
3841	25267475
3842	25308039
3843	25305071
3844	25230015
3845	25252738
3846	25235908
3847	25291554
3848	25357736
3849	25332318
3850	25341777
3851	25328547
3852	25243445
3853	25299353
3854	25251479
3855	25278145
3856	25382541
3857	25275425
3858	25285303
3859	25315432
3860	25307012
3861	25245039
3862	25292631
3863	25286293
3864	25322107
3865	25222573
3866	25259481
3867	25267475
3868	25308039
3869	25305071
3870	25230015
3871	25252738
3872	25235908
3873	25291554
3874	25357736
3875	25332318
3876	25341777
3877	25328547
3878	25243445
3879	25299353
3880	25251479
3881	25278145
3882	25382541
3883	25275425
3884	25285303
3885	25315432
3886	25307012
3887	25245039
3888	25292631
3889	25286293
3890	25322107
3891	25222573
3892	25259481
3893	25267475
3894	25308039
3895	25305071
3896	25230015
3897	25252738
3898	25235908
3899	25291554
3900	25357736
3901	25332318
3902	25341777
3903	25328547
3904	25243445
3905	25299353
3906	25251479
3907	25278145
3908	25382541
3909	25275425
3910	25285303
3911	25315432
3912	25307012
3913	25245039
3914	25292631
3915	25286293
3916	25322107
3917	25222573
3918	25259481
3919	25267475
3920	25308039
3921	25305071
3922	25230015
3923	25252738
3924	25235908
3925	25291554
3926	25357736
3927	25332318
3928	25341777
3929	25328547
3930	25243445
3931	25299353
3932	25251479
3933	25278145
3934	25382541
3935	25275425
3936	25285303
3937	25315432
3938	25307012
3939	25245039
3940	25292631
3941	25286293
3942	25322107
3943	25222573
3944	25259481
3945	25267475
3946	25308039
3947	25305071
3948	25230015
3949	25252738
3950	25235908
3951	25291554
3952	25357736
3953	25332318
3954	25341777
3955	25328547
3956	25243445
3957	25299353
3958	25251479
3959	25278145
3960	25382541
3961	25275425
3962	25285303
3963	25315432
3964	25307012
3965	25245039
3966	25292631
3967	25286293
3968	25322107
3969	25222573
3970	25259481
3971	25267475
3972	25308039
3973	25305071
3974	25230015
3975	25252738
3976	25235908
3977	25291554
3978	25357736
3979	25332318
3980	25341777
3981	25328547
3982	25243445
3983	25299353
3984	25251479
3985	25278145
3986	25382541
3987	25275425
3988	25285303
3989	25315432
3990	25307012
3991	25245039
3992	25292631
3993	25286293
3994	25322107
3995	25222573
3996	25259481
3997	25267475
3998	25308039
3999	25305071
4000	25230015
4001	25252738
4002	25235908
4003	25291554
4004	25357736
4005	25332318
4006	25341777
4007	25328547
4008	25243445
4009	25299353
4010	25251479
4011	25278145
4012	25382541
4013	25275425
4014	25285303
4015	25315432
4016	25307012
4017	25245039
4018	25292631
4019	25286293
4020	25322107
4021	25222573
4022	25259481
4023	25267475
4024	25308039
4025	25305071
4026	25230015
4027	25252738
4028	25235908
4029	25291554
4030	25357736
4031	25332318
4032	25341777
4033	25328547
4034	25243445
4035	25299353
4036	25251479
4037	25278145
4038	25382541
4039	25275425
4040	25285303
4041	25315432
4042	25307012
4043	25245039
4044	25292631
4045	25286293
4046	25322107
4047	25222573
4048	25259481
4049	25267475
4050	25308039
4051	25305071
4052	25230015
4053	25252738
4054	25235908
4055	25291554
4056	25357736
4057	25332318
4058	25341777
4059	25328547
4060	25243445
4061	25299353
4062	25251479
4063	25278145
4064	25382541
4065	25275425
4066	25285303
4067	25315432
4068	25307012
4069	25245039
4070	25292631
4071	25286293
4072	25322107
4073	25222573
4074	25259481
4075	25267475
4076	25308039
4077	25305071
4078	25230015
4079	25252738
4080	25235908
4081	25291554
4082	25357736
4083	25332318
4084	25341777
4085	25328547
4086	25243445
4087	25299353
4088	25251479
4089	25278145
4090	25382541
4091	25275425
4092	25285303
4093	25315432
4094	25307012
4095	25245039
