0	25245651
1	25229816
2	25256711
3	25225454
4	25243236
5	25276811
6	25185908
7	25227676
8	25232589
9	25246399
10	25227862
11	25136853
12	25188087
13	25143549
14	25199240
15	25200385
16	25216832
17	25219556
18	25160965
19	25199343
20	25190379
21	25197041
22	25174838
23	25096644
24	25240391
25	25229816
26	25256711
27	25225454
28	25243236
29	25276811
30	25185908
31	25227676
32	25232589
33	25246399
34	25227862
35	25136853
36	25188087
37	25143549
38	25199240
39	25200385
40	25216832
41	25219556
42	25160965
43	25199343
44	25190379
45	25197041
46	25174838
47	25096644
48	25240391
49	25229816
50	25256711
51	25225454
52	25243236
53	25276811
54	25185908
55	25227676
56	25232589
57	25246399
58	25227862
59	25136853
60	25188087
61	25143549
62	25199240
63	25200385
64	25216832
65	25219556
66	25160965
67	25199343
68	25190379
69	25197041
70	25174838
71	25096644
72	25240391
73	25229816
74	25256711
75	25225454
76	25243236
77	25276811
78	25185908
79	25227676
80	25232589
81	25246399
82	25227862
83	25136853
84	25188087
85	25143549
86	25199240
87	25200385
88	25216832
89	25219556
90	25160965
91	25199343
92	25190379
93	25197041
94	25174838
95	25096644
96	25240391
97	25229816
98	25256711
99	25225454
100	25243236
101	25276811
102	25185908
103	25227676
104	25232589
105	25246399
106	25227862
107	25136853
108	25188087
109	25143549
110	25199240
111	25200385
112	25216832
113	25219556
114	25160965
115	25199343
116	25190379
117	25197041
118	25174838
119	25096644
120	25240391
121	25229816
122	25256711
123	25225454
124	25243236
125	25276811
126	25185908
127	25227676
128	25232589
129	25246399
130	25227862
131	25136853
132	25188087
133	25143549
134	25199240
135	25200385
136	25216832
137	25219556
138	25160965
139	25199343
140	25190379
141	25197041
142	25174838
143	25096644
144	25240391
145	25229816
146	25256711
147	25225454
148	25243236
149	25276811
150	25185908
151	25227676
152	25232589
153	25246399
154	25227862
155	25136853
156	25188087
157	25143549
158	25199240
159	25200385
160	25216832
161	25219556
162	25160965
163	25199343
164	25190379
165	25197041
166	25174838
167	25096644
168	25240391
169	25229816
170	25256711
171	25225454
172	25243236
173	25276811
174	25185908
175	25227676
176	25232589
177	25246399
178	25227862
179	25136853
180	25188087
181	25143549
182	25199240
183	25200385
184	25216832
185	25219556
186	25160965
187	25199343
188	25190379
189	25197041
190	25174838
191	25096644
192	25240391
193	25229816
194	25256711
195	25225454
196	25243236
197	25276811
198	25185908
199	25227676
200	25232589
201	25246399
202	25227862
203	25136853
204	25188087
205	25143549
206	25199240
207	25200385
208	25216832
209	25219556
210	25160965
211	25199343
212	25190379
213	25197041
214	25174838
215	25096644
216	25240391
217	25229816
218	25256711
219	25225454
220	25243236
221	25276811
222	25185908
223	25227676
224	25232589
225	25246399
226	25227862
227	25136853
228	25188087
229	25143549
230	25199240
231	25200385
232	25216832
233	25219556
234	25160965
235	25199343
236	25190379
237	25197041
238	25174838
239	25096644
240	25240391
241	25229816
242	25256711
243	25225454
244	25243236
245	25276811
246	25185908
247	25227676
248	25232589
249	25246399
250	25227862
251	25136853
252	25188087
253	25143549
254	25199240
255	25200385
256	25216832
257	25219556
258	25160965
259	25199343
260	25190379
261	25197041
262	25174838
263	25096644
264	25240391
265	25229816
266	25256711
267	25225454
268	25243236
269	25276811
270	25185908
271	25227676
272	25232589
273	25246399
274	25227862
275	25136853
276	25188087
277	25143549
278	25199240
279	25200385
280	25216832
281	25219556
282	25160965
283	25199343
284	25190379
285	25197041
286	25174838
287	25096644
288	25240391
289	25229816
290	25256711
291	25225454
292	25243236
293	25276811
294	25185908
295	25227676
296	25232589
297	25246399
298	25227862
299	25136853
300	25188087
301	25143549
302	25199240
303	25200385
304	25216832
305	25219556
306	25160965
307	25199343
308	25190379
309	25197041
310	25174838
311	25096644
312	25240391
313	25229816
314	25256711
315	25225454
316	25243236
317	25276811
318	25185908
319	25227676
320	25232589
321	25246399
322	25227862
323	25136853
324	25188087
325	25143549
326	25199240
327	25200385
328	25216832
329	25219556
330	25160965
331	25199343
332	25190379
333	25197041
334	25174838
335	25096644
336	25240391
337	25229816
338	25256711
339	25225454
340	25243236
341	25276811
342	25185908
343	25227676
344	25232589
345	25246399
346	25227862
347	25136853
348	25188087
349	25143549
350	25199240
351	25200385
352	25216832
353	25219556
354	25160965
355	25199343
356	25190379
357	25197041
358	25174838
359	25096644
360	25240391
361	25229816
362	25256711
363	25225454
364	25243236
365	25276811
366	25185908
367	25227676
368	25232589
369	25246399
370	25227862
371	25136853
372	25188087
373	25143549
374	25199240
375	25200385
376	25216832
377	25219556
378	25160965
379	25199343
380	25190379
381	25197041
382	25174838
383	25096644
384	25240391
385	25229816
386	25256711
387	25225454
388	25243236
389	25276811
390	25185908
391	25227676
392	25232589
393	25246399
394	25227862
395	25136853
396	25188087
397	25143549
398	25199240
399	25200385
400	25216832
401	25219556
402	25160965
403	25199343
404	25190379
405	25197041
406	25174838
407	25096644
408	25240391
409	25229816
410	25256711
411	25225454
412	25243236
413	25276811
414	25185908
415	25227676
416	25232589
417	25246399
418	25227862
419	25136853
420	25188087
421	25143549
422	25199240
423	25200385
424	25216832
425	25219556
426	25160965
427	25199343
428	25190379
429	25197041
430	25174838
431	25096644
432	25240391
433	25229816
434	25256711
435	25225454
436	25243236
437	25276811
438	25185908
439	25227676
440	25232589
441	25246399
442	25227862
443	25136853
444	25188087
445	25143549
446	25199240
447	25200385
448	25216832
449	25219556
450	25160965
451	25199343
452	25190379
453	25197041
454	25174838
455	25096644
456	25240391
457	25229816
458	25256711
459	25225454
460	25243236
461	25276811
462	25185908
463	25227676
464	25232589
465	25246399
466	25227862
467	25136853
468	25188087
469	25143549
470	25199240
471	25200385
472	25216832
473	25219556
474	25160965
475	25199343
476	25190379
477	25197041
478	25174838
479	25096644
480	25240391
481	25229816
482	25256711
483	25225454
484	25243236
485	25276811
486	25185908
487	25227676
488	25232589
489	25246399
490	25227862
491	25136853
492	25188087
493	25143549
494	25199240
495	25200385
496	25216832
497	25219556
498	25160965
499	25199343
500	25190379
501	25197041
502	25174838
503	25096644
504	25240391
505	25229816
506	25256711
507	25225454
508	25243236
509	25276811
510	25185908
511	25227676
512	25232589
513	25246399
514	25227862
515	25136853
516	25188087
517	25143549
518	25199240
519	25200385
520	25216832
521	25219556
522	25160965
523	25199343
524	25190379
525	25197041
526	25174838
527	25096644
528	25240391
529	25229816
530	25256711
531	25225454
532	25243236
533	25276811
534	25185908
535	25227676
536	25232589
537	25246399
538	25227862
539	25136853
540	25188087
541	25143549
542	25199240
543	25200385
544	25216832
545	25219556
546	25160965
547	25199343
548	25190379
549	25197041
550	25174838
551	25096644
552	25240391
553	25229816
554	25256711
555	25225454
556	25243236
557	25276811
558	25185908
559	25227676
560	25232589
561	25246399
562	25227862
563	25136853
564	25188087
565	25143549
566	25199240
567	25200385
568	25216832
569	25219556
570	25160965
571	25199343
572	25190379
573	25197041
574	25174838
575	25096644
576	25240391
577	25229816
578	25256711
579	25225454
580	25243236
581	25276811
582	25185908
583	25227676
584	25232589
585	25246399
586	25227862
587	25136853
588	25188087
589	25143549
590	25199240
591	25200385
592	25216832
593	25219556
594	25160965
595	25199343
596	25190379
597	25197041
598	25174838
599	25096644
600	25240391
601	25229816
602	25256711
603	25225454
604	25243236
605	25276811
606	25185908
607	25227676
608	25232589
609	25246399
610	25227862
611	25136853
612	25188087
613	25143549
614	25199240
615	25200385
616	25216832
617	25219556
618	25160965
619	25199343
620	25190379
621	25197041
622	25174838
623	25096644
624	25240391
625	25229816
626	25256711
627	25225454
628	25243236
629	25276811
630	25185908
631	25227676
632	25232589
633	25246399
634	25227862
635	25136853
636	25188087
637	25143549
638	25199240
639	25200385
640	25216832
641	25219556
642	25160965
643	25199343
644	25190379
645	25197041
646	25174838
647	25096644
648	25240391
649	25229816
650	25256711
651	25225454
652	25243236
653	25276811
654	25185908
655	25227676
656	25232589
657	25246399
658	25227862
659	25136853
660	25188087
661	25143549
662	25199240
663	25200385
664	25216832
665	25219556
666	25160965
667	25199343
668	25190379
669	25197041
670	25174838
671	25096644
672	25240391
673	25229816
674	25256711
675	25225454
676	25243236
677	25276811
678	25185908
679	25227676
680	25232589
681	25246399
682	25227862
683	25136853
684	25188087
685	25143549
686	25199240
687	25200385
688	25216832
689	25219556
690	25160965
691	25199343
692	25190379
693	25197041
694	25174838
695	25096644
696	25240391
697	25229816
698	25256711
699	25225454
700	25243236
701	25276811
702	25185908
703	25227676
704	25232589
705	25246399
706	25227862
707	25136853
708	25188087
709	25143549
710	25199240
711	25200385
712	25216832
713	25219556
714	25160965
715	25199343
716	25190379
717	25197041
718	25174838
719	25096644
720	25240391
721	25229816
722	25256711
723	25225454
724	25243236
725	25276811
726	25185908
727	25227676
728	25232589
729	25246399
730	25227862
731	25136853
732	25188087
733	25143549
734	25199240
735	25200385
736	25216832
737	25219556
738	25160965
739	25199343
740	25190379
741	25197041
742	25174838
743	25096644
744	25240391
745	25229816
746	25256711
747	25225454
748	25243236
749	25276811
750	25185908
751	25227676
752	25232589
753	25246399
754	25227862
755	25136853
756	25188087
757	25143549
758	25199240
759	25200385
760	25216832
761	25219556
762	25160965
763	25199343
764	25190379
765	25197041
766	25174838
767	25096644
768	25240391
769	25229816
770	25256711
771	25225454
772	25243236
773	25276811
774	25185908
775	25227676
776	25232589
777	25246399
778	25227862
779	25136853
780	25188087
781	25143549
782	25199240
783	25200385
784	25216832
785	25219556
786	25160965
787	25199343
788	25190379
789	25197041
790	25174838
791	25096644
792	25240391
793	25229816
794	25256711
795	25225454
796	25243236
797	25276811
798	25185908
799	25227676
800	25232589
801	25246399
802	25227862
803	25136853
804	25188087
805	25143549
806	25199240
807	25200385
808	25216832
809	25219556
810	25160965
811	25199343
812	25190379
813	25197041
814	25174838
815	25096644
816	25240391
817	25229816
818	25256711
819	25225454
820	25243236
821	25276811
822	25185908
823	25227676
824	25232589
825	25246399
826	25227862
827	25136853
828	25188087
829	25143549
830	25199240
831	25200385
832	25216832
833	25219556
834	25160965
835	25199343
836	25190379
837	25197041
838	25174838
839	25096644
840	25240391
841	25229816
842	25256711
843	25225454
844	25243236
845	25276811
846	25185908
847	25227676
848	25232589
849	25246399
850	25227862
851	25136853
852	25188087
853	25143549
854	25199240
855	25200385
856	25216832
857	25219556
858	25160965
859	25199343
860	25190379
861	25197041
862	25174838
863	25096644
864	25240391
865	25229816
866	25256711
867	25225454
868	25243236
869	25276811
870	25185908
871	25227676
872	25232589
873	25246399
874	25227862
875	25136853
876	25188087
877	25143549
878	25199240
879	25200385
880	25216832
881	25219556
882	25160965
883	25199343
884	25190379
885	25197041
886	25174838
887	25096644
888	25240391
889	25229816
890	25256711
891	25225454
892	25243236
893	25276811
894	25185908
895	25227676
896	25232589
897	25246399
898	25227862
899	25136853
900	25188087
901	25143549
902	25199240
903	25200385
904	25216832
905	25219556
906	25160965
907	25199343
908	25190379
909	25197041
910	25174838
911	25096644
912	25240391
913	25229816
914	25256711
915	25225454
916	25243236
917	25276811
918	25185908
919	25227676
920	25232589
921	25246399
922	25227862
923	25136853
924	25188087
925	25143549
926	25199240
927	25200385
928	25216832
929	25219556
930	25160965
931	25199343
932	25190379
933	25197041
934	25174838
935	25096644
936	25240391
937	25229816
938	25256711
939	25225454
940	25243236
941	25276811
942	25185908
943	25227676
944	25232589
945	25246399
946	25227862
947	25136853
948	25188087
949	25143549
950	25199240
951	25200385
952	25216832
953	25219556
954	25160965
955	25199343
956	25190379
957	25197041
958	25174838
959	25096644
960	25240391
961	25229816
962	25256711
963	25225454
964	25243236
965	25276811
966	25185908
967	25227676
968	25232589
969	25246399
970	25227862
971	25136853
972	25188087
973	25143549
974	25199240
975	25200385
976	25216832
977	25219556
978	25160965
979	25199343
980	25190379
981	25197041
982	25174838
983	25096644
984	25240391
985	25229816
986	25256711
987	25225454
988	25243236
989	25276811
990	25185908
991	25227676
992	25232589
993	25246399
994	25227862
995	25136853
996	25188087
997	25143549
998	25199240
999	25200385
1000	25216832
1001	25219556
1002	25160965
1003	25199343
1004	25190379
1005	25197041
1006	25174838
1007	25096644
1008	25240391
1009	25229816
1010	25256711
1011	25225454
1012	25243236
1013	25276811
1014	25185908
1015	25227676
1016	25232589
1017	25246399
1018	25227862
1019	25136853
1020	25188087
1021	25143549
1022	25199240
1023	25200385
1024	25216832
1025	25219556
1026	25160965
1027	25199343
1028	25190379
1029	25197041
1030	25174838
1031	25096644
1032	25240391
1033	25229816
1034	25256711
1035	25225454
1036	25243236
1037	25276811
1038	25185908
1039	25227676
1040	25232589
1041	25246399
1042	25227862
1043	25136853
1044	25188087
1045	25143549
1046	25199240
1047	25200385
1048	25216832
1049	25219556
1050	25160965
1051	25199343
1052	25190379
1053	25197041
1054	25174838
1055	25096644
1056	25240391
1057	25229816
1058	25256711
1059	25225454
1060	25243236
1061	25276811
1062	25185908
1063	25227676
1064	25232589
1065	25246399
1066	25227862
1067	25136853
1068	25188087
1069	25143549
1070	25199240
1071	25200385
1072	25216832
1073	25219556
1074	25160965
1075	25199343
1076	25190379
1077	25197041
1078	25174838
1079	25096644
1080	25240391
1081	25229816
1082	25256711
1083	25225454
1084	25243236
1085	25276811
1086	25185908
1087	25227676
1088	25232589
1089	25246399
1090	25227862
1091	25136853
1092	25188087
1093	25143549
1094	25199240
1095	25200385
1096	25216832
1097	25219556
1098	25160965
1099	25199343
1100	25190379
1101	25197041
1102	25174838
1103	25096644
1104	25240391
1105	25229816
1106	25256711
1107	25225454
1108	25243236
1109	25276811
1110	25185908
1111	25227676
1112	25232589
1113	25246399
1114	25227862
1115	25136853
1116	25188087
1117	25143549
1118	25199240
1119	25200385
1120	25216832
1121	25219556
1122	25160965
1123	25199343
1124	25190379
1125	25197041
1126	25174838
1127	25096644
1128	25240391
1129	25229816
1130	25256711
1131	25225454
1132	25243236
1133	25276811
1134	25185908
1135	25227676
1136	25232589
1137	25246399
1138	25227862
1139	25136853
1140	25188087
1141	25143549
1142	25199240
1143	25200385
1144	25216832
1145	25219556
1146	25160965
1147	25199343
1148	25190379
1149	25197041
1150	25174838
1151	25096644
1152	25240391
1153	25229816
1154	25256711
1155	25225454
1156	25243236
1157	25276811
1158	25185908
1159	25227676
1160	25232589
1161	25246399
1162	25227862
1163	25136853
1164	25188087
1165	25143549
1166	25199240
1167	25200385
1168	25216832
1169	25219556
1170	25160965
1171	25199343
1172	25190379
1173	25197041
1174	25174838
1175	25096644
1176	25240391
1177	25229816
1178	25256711
1179	25225454
1180	25243236
1181	25276811
1182	25185908
1183	25227676
1184	25232589
1185	25246399
1186	25227862
1187	25136853
1188	25188087
1189	25143549
1190	25199240
1191	25200385
1192	25216832
1193	25219556
1194	25160965
1195	25199343
1196	25190379
1197	25197041
1198	25174838
1199	25096644
1200	25240391
1201	25229816
1202	25256711
1203	25225454
1204	25243236
1205	25276811
1206	25185908
1207	25227676
1208	25232589
1209	25246399
1210	25227862
1211	25136853
1212	25188087
1213	25143549
1214	25199240
1215	25200385
1216	25216832
1217	25219556
1218	25160965
1219	25199343
1220	25190379
1221	25197041
1222	25174838
1223	25096644
1224	25240391
1225	25229816
1226	25256711
1227	25225454
1228	25243236
1229	25276811
1230	25185908
1231	25227676
1232	25232589
1233	25246399
1234	25227862
1235	25136853
1236	25188087
1237	25143549
1238	25199240
1239	25200385
1240	25216832
1241	25219556
1242	25160965
1243	25199343
1244	25190379
1245	25197041
1246	25174838
1247	25096644
1248	25240391
1249	25229816
1250	25256711
1251	25225454
1252	25243236
1253	25276811
1254	25185908
1255	25227676
1256	25232589
1257	25246399
1258	25227862
1259	25136853
1260	25188087
1261	25143549
1262	25199240
1263	25200385
1264	25216832
1265	25219556
1266	25160965
1267	25199343
1268	25190379
1269	25197041
1270	25174838
1271	25096644
1272	25240391
1273	25229816
1274	25256711
1275	25225454
1276	25243236
1277	25276811
1278	25185908
1279	25227676
1280	25232589
1281	25246399
1282	25227862
1283	25136853
1284	25188087
1285	25143549
1286	25199240
1287	25200385
1288	25216832
1289	25219556
1290	25160965
1291	25199343
1292	25190379
1293	25197041
1294	25174838
1295	25096644
1296	25240391
1297	25229816
1298	25256711
1299	25225454
1300	25243236
1301	25276811
1302	25185908
1303	25227676
1304	25232589
1305	25246399
1306	25227862
1307	25136853
1308	25188087
1309	25143549
1310	25199240
1311	25200385
1312	25216832
1313	25219556
1314	25160965
1315	25199343
1316	25190379
1317	25197041
1318	25174838
1319	25096644
1320	25240391
1321	25229816
1322	25256711
1323	25225454
1324	25243236
1325	25276811
1326	25185908
1327	25227676
1328	25232589
1329	25246399
1330	25227862
1331	25136853
1332	25188087
1333	25143549
1334	25199240
1335	25200385
1336	25216832
1337	25219556
1338	25160965
1339	25199343
1340	25190379
1341	25197041
1342	25174838
1343	25096644
1344	25240391
1345	25229816
1346	25256711
1347	25225454
1348	25243236
1349	25276811
1350	25185908
1351	25227676
1352	25232589
1353	25246399
1354	25227862
1355	25136853
1356	25188087
1357	25143549
1358	25199240
1359	25200385
1360	25216832
1361	25219556
1362	25160965
1363	25199343
1364	25190379
1365	25197041
1366	25174838
1367	25096644
1368	25240391
1369	25229816
1370	25256711
1371	25225454
1372	25243236
1373	25276811
1374	25185908
1375	25227676
1376	25232589
1377	25246399
1378	25227862
1379	25136853
1380	25188087
1381	25143549
1382	25199240
1383	25200385
1384	25216832
1385	25219556
1386	25160965
1387	25199343
1388	25190379
1389	25197041
1390	25174838
1391	25096644
1392	25240391
1393	25229816
1394	25256711
1395	25225454
1396	25243236
1397	25276811
1398	25185908
1399	25227676
1400	25232589
1401	25246399
1402	25227862
1403	25136853
1404	25188087
1405	25143549
1406	25199240
1407	25200385
1408	25216832
1409	25219556
1410	25160965
1411	25199343
1412	25190379
1413	25197041
1414	25174838
1415	25096644
1416	25240391
1417	25229816
1418	25256711
1419	25225454
1420	25243236
1421	25276811
1422	25185908
1423	25227676
1424	25232589
1425	25246399
1426	25227862
1427	25136853
1428	25188087
1429	25143549
1430	25199240
1431	25200385
1432	25216832
1433	25219556
1434	25160965
1435	25199343
1436	25190379
1437	25197041
1438	25174838
1439	25096644
1440	25240391
1441	25229816
1442	25256711
1443	25225454
1444	25243236
1445	25276811
1446	25185908
1447	25227676
1448	25232589
1449	25246399
1450	25227862
1451	25136853
1452	25188087
1453	25143549
1454	25199240
1455	25200385
1456	25216832
1457	25219556
1458	25160965
1459	25199343
1460	25190379
1461	25197041
1462	25174838
1463	25096644
1464	25240391
1465	25229816
1466	25256711
1467	25225454
1468	25243236
1469	25276811
1470	25185908
1471	25227676
1472	25232589
1473	25246399
1474	25227862
1475	25136853
1476	25188087
1477	25143549
1478	25199240
1479	25200385
1480	25216832
1481	25219556
1482	25160965
1483	25199343
1484	25190379
1485	25197041
1486	25174838
1487	25096644
1488	25240391
1489	25229816
1490	25256711
1491	25225454
1492	25243236
1493	25276811
1494	25185908
1495	25227676
1496	25232589
1497	25246399
1498	25227862
1499	25136853
1500	25188087
1501	25143549
1502	25199240
1503	25200385
1504	25216832
1505	25219556
1506	25160965
1507	25199343
1508	25190379
1509	25197041
1510	25174838
1511	25096644
1512	25240391
1513	25229816
1514	25256711
1515	25225454
1516	25243236
1517	25276811
1518	25185908
1519	25227676
1520	25232589
1521	25246399
1522	25227862
1523	25136853
1524	25188087
1525	25143549
1526	25199240
1527	25200385
1528	25216832
1529	25219556
1530	25160965
1531	25199343
1532	25190379
1533	25197041
1534	25174838
1535	25096644
1536	25240391
1537	25229816
1538	25256711
1539	25225454
1540	25243236
1541	25276811
1542	25185908
1543	25227676
1544	25232589
1545	25246399
1546	25227862
1547	25136853
1548	25188087
1549	25143549
1550	25199240
1551	25200385
1552	25216832
1553	25219556
1554	25160965
1555	25199343
1556	25190379
1557	25197041
1558	25174838
1559	25096644
1560	25240391
1561	25229816
1562	25256711
1563	25225454
1564	25243236
1565	25276811
1566	25185908
1567	25227676
1568	25232589
1569	25246399
1570	25227862
1571	25136853
1572	25188087
1573	25143549
1574	25199240
1575	25200385
1576	25216832
1577	25219556
1578	25160965
1579	25199343
1580	25190379
1581	25197041
1582	25174838
1583	25096644
1584	25240391
1585	25229816
1586	25256711
1587	25225454
1588	25243236
1589	25276811
1590	25185908
1591	25227676
1592	25232589
1593	25246399
1594	25227862
1595	25136853
1596	25188087
1597	25143549
1598	25199240
1599	25200385
1600	25216832
1601	25219556
1602	25160965
1603	25199343
1604	25190379
1605	25197041
1606	25174838
1607	25096644
1608	25240391
1609	25229816
1610	25256711
1611	25225454
1612	25243236
1613	25276811
1614	25185908
1615	25227676
1616	25232589
1617	25246399
1618	25227862
1619	25136853
1620	25188087
1621	25143549
1622	25199240
1623	25200385
1624	25216832
1625	25219556
1626	25160965
1627	25199343
1628	25190379
1629	25197041
1630	25174838
1631	25096644
1632	25240391
1633	25229816
1634	25256711
1635	25225454
1636	25243236
1637	25276811
1638	25185908
1639	25227676
1640	25232589
1641	25246399
1642	25227862
1643	25136853
1644	25188087
1645	25143549
1646	25199240
1647	25200385
1648	25216832
1649	25219556
1650	25160965
1651	25199343
1652	25190379
1653	25197041
1654	25174838
1655	25096644
1656	25240391
1657	25229816
1658	25256711
1659	25225454
1660	25243236
1661	25276811
1662	25185908
1663	25227676
1664	25232589
1665	25246399
1666	25227862
1667	25136853
1668	25188087
1669	25143549
1670	25199240
1671	25200385
1672	25216832
1673	25219556
1674	25160965
1675	25199343
1676	25190379
1677	25197041
1678	25174838
1679	25096644
1680	25240391
1681	25229816
1682	25256711
1683	25225454
1684	25243236
1685	25276811
1686	25185908
1687	25227676
1688	25232589
1689	25246399
1690	25227862
1691	25136853
1692	25188087
1693	25143549
1694	25199240
1695	25200385
1696	25216832
1697	25219556
1698	25160965
1699	25199343
1700	25190379
1701	25197041
1702	25174838
1703	25096644
1704	25240391
1705	25229816
1706	25256711
1707	25225454
1708	25243236
1709	25276811
1710	25185908
1711	25227676
1712	25232589
1713	25246399
1714	25227862
1715	25136853
1716	25188087
1717	25143549
1718	25199240
1719	25200385
1720	25216832
1721	25219556
1722	25160965
1723	25199343
1724	25190379
1725	25197041
1726	25174838
1727	25096644
1728	25240391
1729	25229816
1730	25256711
1731	25225454
1732	25243236
1733	25276811
1734	25185908
1735	25227676
1736	25232589
1737	25246399
1738	25227862
1739	25136853
1740	25188087
1741	25143549
1742	25199240
1743	25200385
1744	25216832
1745	25219556
1746	25160965
1747	25199343
1748	25190379
1749	25197041
1750	25174838
1751	25096644
1752	25240391
1753	25229816
1754	25256711
1755	25225454
1756	25243236
1757	25276811
1758	25185908
1759	25227676
1760	25232589
1761	25246399
1762	25227862
1763	25136853
1764	25188087
1765	25143549
1766	25199240
1767	25200385
1768	25216832
1769	25219556
1770	25160965
1771	25199343
1772	25190379
1773	25197041
1774	25174838
1775	25096644
1776	25240391
1777	25229816
1778	25256711
1779	25225454
1780	25243236
1781	25276811
1782	25185908
1783	25227676
1784	25232589
1785	25246399
1786	25227862
1787	25136853
1788	25188087
1789	25143549
1790	25199240
1791	25200385
1792	25216832
1793	25219556
1794	25160965
1795	25199343
1796	25190379
1797	25197041
1798	25174838
1799	25096644
1800	25240391
1801	25229816
1802	25256711
1803	25225454
1804	25243236
1805	25276811
1806	25185908
1807	25227676
1808	25232589
1809	25246399
1810	25227862
1811	25136853
1812	25188087
1813	25143549
1814	25199240
1815	25200385
1816	25216832
1817	25219556
1818	25160965
1819	25199343
1820	25190379
1821	25197041
1822	25174838
1823	25096644
1824	25240391
1825	25229816
1826	25256711
1827	25225454
1828	25243236
1829	25276811
1830	25185908
1831	25227676
1832	25232589
1833	25246399
1834	25227862
1835	25136853
1836	25188087
1837	25143549
1838	25199240
1839	25200385
1840	25216832
1841	25219556
1842	25160965
1843	25199343
1844	25190379
1845	25197041
1846	25174838
1847	25096644
1848	25240391
1849	25229816
1850	25256711
1851	25225454
1852	25243236
1853	25276811
1854	25185908
1855	25227676
1856	25232589
1857	25246399
1858	25227862
1859	25136853
1860	25188087
1861	25143549
1862	25199240
1863	25200385
1864	25216832
1865	25219556
1866	25160965
1867	25199343
1868	25190379
1869	25197041
1870	25174838
1871	25096644
1872	25240391
1873	25229816
1874	25256711
1875	25225454
1876	25243236
1877	25276811
1878	25185908
1879	25227676
1880	25232589
1881	25246399
1882	25227862
1883	25136853
1884	25188087
1885	25143549
1886	25199240
1887	25200385
1888	25216832
1889	25219556
1890	25160965
1891	25199343
1892	25190379
1893	25197041
1894	25174838
1895	25096644
1896	25240391
1897	25229816
1898	25256711
1899	25225454
1900	25243236
1901	25276811
1902	25185908
1903	25227676
1904	25232589
1905	25246399
1906	25227862
1907	25136853
1908	25188087
1909	25143549
1910	25199240
1911	25200385
1912	25216832
1913	25219556
1914	25160965
1915	25199343
1916	25190379
1917	25197041
1918	25174838
1919	25096644
1920	25240391
1921	25229816
1922	25256711
1923	25225454
1924	25243236
1925	25276811
1926	25185908
1927	25227676
1928	25232589
1929	25246399
1930	25227862
1931	25136853
1932	25188087
1933	25143549
1934	25199240
1935	25200385
1936	25216832
1937	25219556
1938	25160965
1939	25199343
1940	25190379
1941	25197041
1942	25174838
1943	25096644
1944	25240391
1945	25229816
1946	25256711
1947	25225454
1948	25243236
1949	25276811
1950	25185908
1951	25227676
1952	25232589
1953	25246399
1954	25227862
1955	25136853
1956	25188087
1957	25143549
1958	25199240
1959	25200385
1960	25216832
1961	25219556
1962	25160965
1963	25199343
1964	25190379
1965	25197041
1966	25174838
1967	25096644
1968	25240391
1969	25229816
1970	25256711
1971	25225454
1972	25243236
1973	25276811
1974	25185908
1975	25227676
1976	25232589
1977	25246399
1978	25227862
1979	25136853
1980	25188087
1981	25143549
1982	25199240
1983	25200385
1984	25216832
1985	25219556
1986	25160965
1987	25199343
1988	25190379
1989	25197041
1990	25174838
1991	25096644
1992	25240391
1993	25229816
1994	25256711
1995	25225454
1996	25243236
1997	25276811
1998	25185908
1999	25227676
2000	25232589
2001	25246399
2002	25227862
2003	25136853
2004	25188087
2005	25143549
2006	25199240
2007	25200385
2008	25216832
2009	25219556
2010	25160965
2011	25199343
2012	25190379
2013	25197041
2014	25174838
2015	25096644
2016	25240391
2017	25229816
2018	25256711
2019	25225454
2020	25243236
2021	25276811
2022	25185908
2023	25227676
2024	25232589
2025	25246399
2026	25227862
2027	25136853
2028	25188087
2029	25143549
2030	25199240
2031	25200385
2032	25216832
2033	25219556
2034	25160965
2035	25199343
2036	25190379
2037	25197041
2038	25174838
2039	25096644
2040	25240391
2041	25229816
2042	25256711
2043	25225454
2044	25243236
2045	25276811
2046	25185908
2047	25227676
2048	25232589
2049	25246399
2050	25227862
2051	25136853
2052	25188087
2053	25143549
2054	25199240
2055	25200385
2056	25216832
2057	25219556
2058	25160965
2059	25199343
2060	25190379
2061	25197041
2062	25174838
2063	25096644
2064	25240391
2065	25229816
2066	25256711
2067	25225454
2068	25243236
2069	25276811
2070	25185908
2071	25227676
2072	25232589
2073	25246399
2074	25227862
2075	25136853
2076	25188087
2077	25143549
2078	25199240
2079	25200385
2080	25216832
2081	25219556
2082	25160965
2083	25199343
2084	25190379
2085	25197041
2086	25174838
2087	25096644
2088	25240391
2089	25229816
2090	25256711
2091	25225454
2092	25243236
2093	25276811
2094	25185908
2095	25227676
2096	25232589
2097	25246399
2098	25227862
2099	25136853
2100	25188087
2101	25143549
2102	25199240
2103	25200385
2104	25216832
2105	25219556
2106	25160965
2107	25199343
2108	25190379
2109	25197041
2110	25174838
2111	25096644
2112	25240391
2113	25229816
2114	25256711
2115	25225454
2116	25243236
2117	25276811
2118	25185908
2119	25227676
2120	25232589
2121	25246399
2122	25227862
2123	25136853
2124	25188087
2125	25143549
2126	25199240
2127	25200385
2128	25216832
2129	25219556
2130	25160965
2131	25199343
2132	25190379
2133	25197041
2134	25174838
2135	25096644
2136	25240391
2137	25229816
2138	25256711
2139	25225454
2140	25243236
2141	25276811
2142	25185908
2143	25227676
2144	25232589
2145	25246399
2146	25227862
2147	25136853
2148	25188087
2149	25143549
2150	25199240
2151	25200385
2152	25216832
2153	25219556
2154	25160965
2155	25199343
2156	25190379
2157	25197041
2158	25174838
2159	25096644
2160	25240391
2161	25229816
2162	25256711
2163	25225454
2164	25243236
2165	25276811
2166	25185908
2167	25227676
2168	25232589
2169	25246399
2170	25227862
2171	25136853
2172	25188087
2173	25143549
2174	25199240
2175	25200385
2176	25216832
2177	25219556
2178	25160965
2179	25199343
2180	25190379
2181	25197041
2182	25174838
2183	25096644
2184	25240391
2185	25229816
2186	25256711
2187	25225454
2188	25243236
2189	25276811
2190	25185908
2191	25227676
2192	25232589
2193	25246399
2194	25227862
2195	25136853
2196	25188087
2197	25143549
2198	25199240
2199	25200385
2200	25216832
2201	25219556
2202	25160965
2203	25199343
2204	25190379
2205	25197041
2206	25174838
2207	25096644
2208	25240391
2209	25229816
2210	25256711
2211	25225454
2212	25243236
2213	25276811
2214	25185908
2215	25227676
2216	25232589
2217	25246399
2218	25227862
2219	25136853
2220	25188087
2221	25143549
2222	25199240
2223	25200385
2224	25216832
2225	25219556
2226	25160965
2227	25199343
2228	25190379
2229	25197041
2230	25174838
2231	25096644
2232	25240391
2233	25229816
2234	25256711
2235	25225454
2236	25243236
2237	25276811
2238	25185908
2239	25227676
2240	25232589
2241	25246399
2242	25227862
2243	25136853
2244	25188087
2245	25143549
2246	25199240
2247	25200385
2248	25216832
2249	25219556
2250	25160965
2251	25199343
2252	25190379
2253	25197041
2254	25174838
2255	25096644
2256	25240391
2257	25229816
2258	25256711
2259	25225454
2260	25243236
2261	25276811
2262	25185908
2263	25227676
2264	25232589
2265	25246399
2266	25227862
2267	25136853
2268	25188087
2269	25143549
2270	25199240
2271	25200385
2272	25216832
2273	25219556
2274	25160965
2275	25199343
2276	25190379
2277	25197041
2278	25174838
2279	25096644
2280	25240391
2281	25229816
2282	25256711
2283	25225454
2284	25243236
2285	25276811
2286	25185908
2287	25227676
2288	25232589
2289	25246399
2290	25227862
2291	25136853
2292	25188087
2293	25143549
2294	25199240
2295	25200385
2296	25216832
2297	25219556
2298	25160965
2299	25199343
2300	25190379
2301	25197041
2302	25174838
2303	25096644
2304	25240391
2305	25229816
2306	25256711
2307	25225454
2308	25243236
2309	25276811
2310	25185908
2311	25227676
2312	25232589
2313	25246399
2314	25227862
2315	25136853
2316	25188087
2317	25143549
2318	25199240
2319	25200385
2320	25216832
2321	25219556
2322	25160965
2323	25199343
2324	25190379
2325	25197041
2326	25174838
2327	25096644
2328	25240391
2329	25229816
2330	25256711
2331	25225454
2332	25243236
2333	25276811
2334	25185908
2335	25227676
2336	25232589
2337	25246399
2338	25227862
2339	25136853
2340	25188087
2341	25143549
2342	25199240
2343	25200385
2344	25216832
2345	25219556
2346	25160965
2347	25199343
2348	25190379
2349	25197041
2350	25174838
2351	25096644
2352	25240391
2353	25229816
2354	25256711
2355	25225454
2356	25243236
2357	25276811
2358	25185908
2359	25227676
2360	25232589
2361	25246399
2362	25227862
2363	25136853
2364	25188087
2365	25143549
2366	25199240
2367	25200385
2368	25216832
2369	25219556
2370	25160965
2371	25199343
2372	25190379
2373	25197041
2374	25174838
2375	25096644
2376	25240391
2377	25229816
2378	25256711
2379	25225454
2380	25243236
2381	25276811
2382	25185908
2383	25227676
2384	25232589
2385	25246399
2386	25227862
2387	25136853
2388	25188087
2389	25143549
2390	25199240
2391	25200385
2392	25216832
2393	25219556
2394	25160965
2395	25199343
2396	25190379
2397	25197041
2398	25174838
2399	25096644
2400	25240391
2401	25229816
2402	25256711
2403	25225454
2404	25243236
2405	25276811
2406	25185908
2407	25227676
2408	25232589
2409	25246399
2410	25227862
2411	25136853
2412	25188087
2413	25143549
2414	25199240
2415	25200385
2416	25216832
2417	25219556
2418	25160965
2419	25199343
2420	25190379
2421	25197041
2422	25174838
2423	25096644
2424	25240391
2425	25229816
2426	25256711
2427	25225454
2428	25243236
2429	25276811
2430	25185908
2431	25227676
2432	25232589
2433	25246399
2434	25227862
2435	25136853
2436	25188087
2437	25143549
2438	25199240
2439	25200385
2440	25216832
2441	25219556
2442	25160965
2443	25199343
2444	25190379
2445	25197041
2446	25174838
2447	25096644
2448	25240391
2449	25229816
2450	25256711
2451	25225454
2452	25243236
2453	25276811
2454	25185908
2455	25227676
2456	25232589
2457	25246399
2458	25227862
2459	25136853
2460	25188087
2461	25143549
2462	25199240
2463	25200385
2464	25216832
2465	25219556
2466	25160965
2467	25199343
2468	25190379
2469	25197041
2470	25174838
2471	25096644
2472	25240391
2473	25229816
2474	25256711
2475	25225454
2476	25243236
2477	25276811
2478	25185908
2479	25227676
2480	25232589
2481	25246399
2482	25227862
2483	25136853
2484	25188087
2485	25143549
2486	25199240
2487	25200385
2488	25216832
2489	25219556
2490	25160965
2491	25199343
2492	25190379
2493	25197041
2494	25174838
2495	25096644
2496	25240391
2497	25229816
2498	25256711
2499	25225454
2500	25243236
2501	25276811
2502	25185908
2503	25227676
2504	25232589
2505	25246399
2506	25227862
2507	25136853
2508	25188087
2509	25143549
2510	25199240
2511	25200385
2512	25216832
2513	25219556
2514	25160965
2515	25199343
2516	25190379
2517	25197041
2518	25174838
2519	25096644
2520	25240391
2521	25229816
2522	25256711
2523	25225454
2524	25243236
2525	25276811
2526	25185908
2527	25227676
2528	25232589
2529	25246399
2530	25227862
2531	25136853
2532	25188087
2533	25143549
2534	25199240
2535	25200385
2536	25216832
2537	25219556
2538	25160965
2539	25199343
2540	25190379
2541	25197041
2542	25174838
2543	25096644
2544	25240391
2545	25229816
2546	25256711
2547	25225454
2548	25243236
2549	25276811
2550	25185908
2551	25227676
2552	25232589
2553	25246399
2554	25227862
2555	25136853
2556	25188087
2557	25143549
2558	25199240
2559	25200385
2560	25216832
2561	25219556
2562	25160965
2563	25199343
2564	25190379
2565	25197041
2566	25174838
2567	25096644
2568	25240391
2569	25229816
2570	25256711
2571	25225454
2572	25243236
2573	25276811
2574	25185908
2575	25227676
2576	25232589
2577	25246399
2578	25227862
2579	25136853
2580	25188087
2581	25143549
2582	25199240
2583	25200385
2584	25216832
2585	25219556
2586	25160965
2587	25199343
2588	25190379
2589	25197041
2590	25174838
2591	25096644
2592	25240391
2593	25229816
2594	25256711
2595	25225454
2596	25243236
2597	25276811
2598	25185908
2599	25227676
2600	25232589
2601	25246399
2602	25227862
2603	25136853
2604	25188087
2605	25143549
2606	25199240
2607	25200385
2608	25216832
2609	25219556
2610	25160965
2611	25199343
2612	25190379
2613	25197041
2614	25174838
2615	25096644
2616	25240391
2617	25229816
2618	25256711
2619	25225454
2620	25243236
2621	25276811
2622	25185908
2623	25227676
2624	25232589
2625	25246399
2626	25227862
2627	25136853
2628	25188087
2629	25143549
2630	25199240
2631	25200385
2632	25216832
2633	25219556
2634	25160965
2635	25199343
2636	25190379
2637	25197041
2638	25174838
2639	25096644
2640	25240391
2641	25229816
2642	25256711
2643	25225454
2644	25243236
2645	25276811
2646	25185908
2647	25227676
2648	25232589
2649	25246399
2650	25227862
2651	25136853
2652	25188087
2653	25143549
2654	25199240
2655	25200385
2656	25216832
2657	25219556
2658	25160965
2659	25199343
2660	25190379
2661	25197041
2662	25174838
2663	25096644
2664	25240391
2665	25229816
2666	25256711
2667	25225454
2668	25243236
2669	25276811
2670	25185908
2671	25227676
2672	25232589
2673	25246399
2674	25227862
2675	25136853
2676	25188087
2677	25143549
2678	25199240
2679	25200385
2680	25216832
2681	25219556
2682	25160965
2683	25199343
2684	25190379
2685	25197041
2686	25174838
2687	25096644
2688	25240391
2689	25229816
2690	25256711
2691	25225454
2692	25243236
2693	25276811
2694	25185908
2695	25227676
2696	25232589
2697	25246399
2698	25227862
2699	25136853
2700	25188087
2701	25143549
2702	25199240
2703	25200385
2704	25216832
2705	25219556
2706	25160965
2707	25199343
2708	25190379
2709	25197041
2710	25174838
2711	25096644
2712	25240391
2713	25229816
2714	25256711
2715	25225454
2716	25243236
2717	25276811
2718	25185908
2719	25227676
2720	25232589
2721	25246399
2722	25227862
2723	25136853
2724	25188087
2725	25143549
2726	25199240
2727	25200385
2728	25216832
2729	25219556
2730	25160965
2731	25199343
2732	25190379
2733	25197041
2734	25174838
2735	25096644
2736	25240391
2737	25229816
2738	25256711
2739	25225454
2740	25243236
2741	25276811
2742	25185908
2743	25227676
2744	25232589
2745	25246399
2746	25227862
2747	25136853
2748	25188087
2749	25143549
2750	25199240
2751	25200385
2752	25216832
2753	25219556
2754	25160965
2755	25199343
2756	25190379
2757	25197041
2758	25174838
2759	25096644
2760	25240391
2761	25229816
2762	25256711
2763	25225454
2764	25243236
2765	25276811
2766	25185908
2767	25227676
2768	25232589
2769	25246399
2770	25227862
2771	25136853
2772	25188087
2773	25143549
2774	25199240
2775	25200385
2776	25216832
2777	25219556
2778	25160965
2779	25199343
2780	25190379
2781	25197041
2782	25174838
2783	25096644
2784	25240391
2785	25229816
2786	25256711
2787	25225454
2788	25243236
2789	25276811
2790	25185908
2791	25227676
2792	25232589
2793	25246399
2794	25227862
2795	25136853
2796	25188087
2797	25143549
2798	25199240
2799	25200385
2800	25216832
2801	25219556
2802	25160965
2803	25199343
2804	25190379
2805	25197041
2806	25174838
2807	25096644
2808	25240391
2809	25229816
2810	25256711
2811	25225454
2812	25243236
2813	25276811
2814	25185908
2815	25227676
2816	25232589
2817	25246399
2818	25227862
2819	25136853
2820	25188087
2821	25143549
2822	25199240
2823	25200385
2824	25216832
2825	25219556
2826	25160965
2827	25199343
2828	25190379
2829	25197041
2830	25174838
2831	25096644
2832	25240391
2833	25229816
2834	25256711
2835	25225454
2836	25243236
2837	25276811
2838	25185908
2839	25227676
2840	25232589
2841	25246399
2842	25227862
2843	25136853
2844	25188087
2845	25143549
2846	25199240
2847	25200385
2848	25216832
2849	25219556
2850	25160965
2851	25199343
2852	25190379
2853	25197041
2854	25174838
2855	25096644
2856	25240391
2857	25229816
2858	25256711
2859	25225454
2860	25243236
2861	25276811
2862	25185908
2863	25227676
2864	25232589
2865	25246399
2866	25227862
2867	25136853
2868	25188087
2869	25143549
2870	25199240
2871	25200385
2872	25216832
2873	25219556
2874	25160965
2875	25199343
2876	25190379
2877	25197041
2878	25174838
2879	25096644
2880	25240391
2881	25229816
2882	25256711
2883	25225454
2884	25243236
2885	25276811
2886	25185908
2887	25227676
2888	25232589
2889	25246399
2890	25227862
2891	25136853
2892	25188087
2893	25143549
2894	25199240
2895	25200385
2896	25216832
2897	25219556
2898	25160965
2899	25199343
2900	25190379
2901	25197041
2902	25174838
2903	25096644
2904	25240391
2905	25229816
2906	25256711
2907	25225454
2908	25243236
2909	25276811
2910	25185908
2911	25227676
2912	25232589
2913	25246399
2914	25227862
2915	25136853
2916	25188087
2917	25143549
2918	25199240
2919	25200385
2920	25216832
2921	25219556
2922	25160965
2923	25199343
2924	25190379
2925	25197041
2926	25174838
2927	25096644
2928	25240391
2929	25229816
2930	25256711
2931	25225454
2932	25243236
2933	25276811
2934	25185908
2935	25227676
2936	25232589
2937	25246399
2938	25227862
2939	25136853
2940	25188087
2941	25143549
2942	25199240
2943	25200385
2944	25216832
2945	25219556
2946	25160965
2947	25199343
2948	25190379
2949	25197041
2950	25174838
2951	25096644
2952	25240391
2953	25229816
2954	25256711
2955	25225454
2956	25243236
2957	25276811
2958	25185908
2959	25227676
2960	25232589
2961	25246399
2962	25227862
2963	25136853
2964	25188087
2965	25143549
2966	25199240
2967	25200385
2968	25216832
2969	25219556
2970	25160965
2971	25199343
2972	25190379
2973	25197041
2974	25174838
2975	25096644
2976	25240391
2977	25229816
2978	25256711
2979	25225454
2980	25243236
2981	25276811
2982	25185908
2983	25227676
2984	25232589
2985	25246399
2986	25227862
2987	25136853
2988	25188087
2989	25143549
2990	25199240
2991	25200385
2992	25216832
2993	25219556
2994	25160965
2995	25199343
2996	25190379
2997	25197041
2998	25174838
2999	25096644
3000	25240391
3001	25229816
3002	25256711
3003	25225454
3004	25243236
3005	25276811
3006	25185908
3007	25227676
3008	25232589
3009	25246399
3010	25227862
3011	25136853
3012	25188087
3013	25143549
3014	25199240
3015	25200385
3016	25216832
3017	25219556
3018	25160965
3019	25199343
3020	25190379
3021	25197041
3022	25174838
3023	25096644
3024	25240391
3025	25229816
3026	25256711
3027	25225454
3028	25243236
3029	25276811
3030	25185908
3031	25227676
3032	25232589
3033	25246399
3034	25227862
3035	25136853
3036	25188087
3037	25143549
3038	25199240
3039	25200385
3040	25216832
3041	25219556
3042	25160965
3043	25199343
3044	25190379
3045	25197041
3046	25174838
3047	25096644
3048	25240391
3049	25229816
3050	25256711
3051	25225454
3052	25243236
3053	25276811
3054	25185908
3055	25227676
3056	25232589
3057	25246399
3058	25227862
3059	25136853
3060	25188087
3061	25143549
3062	25199240
3063	25200385
3064	25216832
3065	25219556
3066	25160965
3067	25199343
3068	25190379
3069	25197041
3070	25174838
3071	25096644
3072	25240391
3073	25229816
3074	25256711
3075	25225454
3076	25243236
3077	25276811
3078	25185908
3079	25227676
3080	25232589
3081	25246399
3082	25227862
3083	25136853
3084	25188087
3085	25143549
3086	25199240
3087	25200385
3088	25216832
3089	25219556
3090	25160965
3091	25199343
3092	25190379
3093	25197041
3094	25174838
3095	25096644
3096	25240391
3097	25229816
3098	25256711
3099	25225454
3100	25243236
3101	25276811
3102	25185908
3103	25227676
3104	25232589
3105	25246399
3106	25227862
3107	25136853
3108	25188087
3109	25143549
3110	25199240
3111	25200385
3112	25216832
3113	25219556
3114	25160965
3115	25199343
3116	25190379
3117	25197041
3118	25174838
3119	25096644
3120	25240391
3121	25229816
3122	25256711
3123	25225454
3124	25243236
3125	25276811
3126	25185908
3127	25227676
3128	25232589
3129	25246399
3130	25227862
3131	25136853
3132	25188087
3133	25143549
3134	25199240
3135	25200385
3136	25216832
3137	25219556
3138	25160965
3139	25199343
3140	25190379
3141	25197041
3142	25174838
3143	25096644
3144	25240391
3145	25229816
3146	25256711
3147	25225454
3148	25243236
3149	25276811
3150	25185908
3151	25227676
3152	25232589
3153	25246399
3154	25227862
3155	25136853
3156	25188087
3157	25143549
3158	25199240
3159	25200385
3160	25216832
3161	25219556
3162	25160965
3163	25199343
3164	25190379
3165	25197041
3166	25174838
3167	25096644
3168	25240391
3169	25229816
3170	25256711
3171	25225454
3172	25243236
3173	25276811
3174	25185908
3175	25227676
3176	25232589
3177	25246399
3178	25227862
3179	25136853
3180	25188087
3181	25143549
3182	25199240
3183	25200385
3184	25216832
3185	25219556
3186	25160965
3187	25199343
3188	25190379
3189	25197041
3190	25174838
3191	25096644
3192	25240391
3193	25229816
3194	25256711
3195	25225454
3196	25243236
3197	25276811
3198	25185908
3199	25227676
3200	25232589
3201	25246399
3202	25227862
3203	25136853
3204	25188087
3205	25143549
3206	25199240
3207	25200385
3208	25216832
3209	25219556
3210	25160965
3211	25199343
3212	25190379
3213	25197041
3214	25174838
3215	25096644
3216	25240391
3217	25229816
3218	25256711
3219	25225454
3220	25243236
3221	25276811
3222	25185908
3223	25227676
3224	25232589
3225	25246399
3226	25227862
3227	25136853
3228	25188087
3229	25143549
3230	25199240
3231	25200385
3232	25216832
3233	25219556
3234	25160965
3235	25199343
3236	25190379
3237	25197041
3238	25174838
3239	25096644
3240	25240391
3241	25229816
3242	25256711
3243	25225454
3244	25243236
3245	25276811
3246	25185908
3247	25227676
3248	25232589
3249	25246399
3250	25227862
3251	25136853
3252	25188087
3253	25143549
3254	25199240
3255	25200385
3256	25216832
3257	25219556
3258	25160965
3259	25199343
3260	25190379
3261	25197041
3262	25174838
3263	25096644
3264	25240391
3265	25229816
3266	25256711
3267	25225454
3268	25243236
3269	25276811
3270	25185908
3271	25227676
3272	25232589
3273	25246399
3274	25227862
3275	25136853
3276	25188087
3277	25143549
3278	25199240
3279	25200385
3280	25216832
3281	25219556
3282	25160965
3283	25199343
3284	25190379
3285	25197041
3286	25174838
3287	25096644
3288	25240391
3289	25229816
3290	25256711
3291	25225454
3292	25243236
3293	25276811
3294	25185908
3295	25227676
3296	25232589
3297	25246399
3298	25227862
3299	25136853
3300	25188087
3301	25143549
3302	25199240
3303	25200385
3304	25216832
3305	25219556
3306	25160965
3307	25199343
3308	25190379
3309	25197041
3310	25174838
3311	25096644
3312	25240391
3313	25229816
3314	25256711
3315	25225454
3316	25243236
3317	25276811
3318	25185908
3319	25227676
3320	25232589
3321	25246399
3322	25227862
3323	25136853
3324	25188087
3325	25143549
3326	25199240
3327	25200385
3328	25216832
3329	25219556
3330	25160965
3331	25199343
3332	25190379
3333	25197041
3334	25174838
3335	25096644
3336	25240391
3337	25229816
3338	25256711
3339	25225454
3340	25243236
3341	25276811
3342	25185908
3343	25227676
3344	25232589
3345	25246399
3346	25227862
3347	25136853
3348	25188087
3349	25143549
3350	25199240
3351	25200385
3352	25216832
3353	25219556
3354	25160965
3355	25199343
3356	25190379
3357	25197041
3358	25174838
3359	25096644
3360	25240391
3361	25229816
3362	25256711
3363	25225454
3364	25243236
3365	25276811
3366	25185908
3367	25227676
3368	25232589
3369	25246399
3370	25227862
3371	25136853
3372	25188087
3373	25143549
3374	25199240
3375	25200385
3376	25216832
3377	25219556
3378	25160965
3379	25199343
3380	25190379
3381	25197041
3382	25174838
3383	25096644
3384	25240391
3385	25229816
3386	25256711
3387	25225454
3388	25243236
3389	25276811
3390	25185908
3391	25227676
3392	25232589
3393	25246399
3394	25227862
3395	25136853
3396	25188087
3397	25143549
3398	25199240
3399	25200385
3400	25216832
3401	25219556
3402	25160965
3403	25199343
3404	25190379
3405	25197041
3406	25174838
3407	25096644
3408	25240391
3409	25229816
3410	25256711
3411	25225454
3412	25243236
3413	25276811
3414	25185908
3415	25227676
3416	25232589
3417	25246399
3418	25227862
3419	25136853
3420	25188087
3421	25143549
3422	25199240
3423	25200385
3424	25216832
3425	25219556
3426	25160965
3427	25199343
3428	25190379
3429	25197041
3430	25174838
3431	25096644
3432	25240391
3433	25229816
3434	25256711
3435	25225454
3436	25243236
3437	25276811
3438	25185908
3439	25227676
3440	25232589
3441	25246399
3442	25227862
3443	25136853
3444	25188087
3445	25143549
3446	25199240
3447	25200385
3448	25216832
3449	25219556
3450	25160965
3451	25199343
3452	25190379
3453	25197041
3454	25174838
3455	25096644
3456	25240391
3457	25229816
3458	25256711
3459	25225454
3460	25243236
3461	25276811
3462	25185908
3463	25227676
3464	25232589
3465	25246399
3466	25227862
3467	25136853
3468	25188087
3469	25143549
3470	25199240
3471	25200385
3472	25216832
3473	25219556
3474	25160965
3475	25199343
3476	25190379
3477	25197041
3478	25174838
3479	25096644
3480	25240391
3481	25229816
3482	25256711
3483	25225454
3484	25243236
3485	25276811
3486	25185908
3487	25227676
3488	25232589
3489	25246399
3490	25227862
3491	25136853
3492	25188087
3493	25143549
3494	25199240
3495	25200385
3496	25216832
3497	25219556
3498	25160965
3499	25199343
3500	25190379
3501	25197041
3502	25174838
3503	25096644
3504	25240391
3505	25229816
3506	25256711
3507	25225454
3508	25243236
3509	25276811
3510	25185908
3511	25227676
3512	25232589
3513	25246399
3514	25227862
3515	25136853
3516	25188087
3517	25143549
3518	25199240
3519	25200385
3520	25216832
3521	25219556
3522	25160965
3523	25199343
3524	25190379
3525	25197041
3526	25174838
3527	25096644
3528	25240391
3529	25229816
3530	25256711
3531	25225454
3532	25243236
3533	25276811
3534	25185908
3535	25227676
3536	25232589
3537	25246399
3538	25227862
3539	25136853
3540	25188087
3541	25143549
3542	25199240
3543	25200385
3544	25216832
3545	25219556
3546	25160965
3547	25199343
3548	25190379
3549	25197041
3550	25174838
3551	25096644
3552	25240391
3553	25229816
3554	25256711
3555	25225454
3556	25243236
3557	25276811
3558	25185908
3559	25227676
3560	25232589
3561	25246399
3562	25227862
3563	25136853
3564	25188087
3565	25143549
3566	25199240
3567	25200385
3568	25216832
3569	25219556
3570	25160965
3571	25199343
3572	25190379
3573	25197041
3574	25174838
3575	25096644
3576	25240391
3577	25229816
3578	25256711
3579	25225454
3580	25243236
3581	25276811
3582	25185908
3583	25227676
3584	25232589
3585	25246399
3586	25227862
3587	25136853
3588	25188087
3589	25143549
3590	25199240
3591	25200385
3592	25216832
3593	25219556
3594	25160965
3595	25199343
3596	25190379
3597	25197041
3598	25174838
3599	25096644
3600	25240391
3601	25229816
3602	25256711
3603	25225454
3604	25243236
3605	25276811
3606	25185908
3607	25227676
3608	25232589
3609	25246399
3610	25227862
3611	25136853
3612	25188087
3613	25143549
3614	25199240
3615	25200385
3616	25216832
3617	25219556
3618	25160965
3619	25199343
3620	25190379
3621	25197041
3622	25174838
3623	25096644
3624	25240391
3625	25229816
3626	25256711
3627	25225454
3628	25243236
3629	25276811
3630	25185908
3631	25227676
3632	25232589
3633	25246399
3634	25227862
3635	25136853
3636	25188087
3637	25143549
3638	25199240
3639	25200385
3640	25216832
3641	25219556
3642	25160965
3643	25199343
3644	25190379
3645	25197041
3646	25174838
3647	25096644
3648	25240391
3649	25229816
3650	25256711
3651	25225454
3652	25243236
3653	25276811
3654	25185908
3655	25227676
3656	25232589
3657	25246399
3658	25227862
3659	25136853
3660	25188087
3661	25143549
3662	25199240
3663	25200385
3664	25216832
3665	25219556
3666	25160965
3667	25199343
3668	25190379
3669	25197041
3670	25174838
3671	25096644
3672	25240391
3673	25229816
3674	25256711
3675	25225454
3676	25243236
3677	25276811
3678	25185908
3679	25227676
3680	25232589
3681	25246399
3682	25227862
3683	25136853
3684	25188087
3685	25143549
3686	25199240
3687	25200385
3688	25216832
3689	25219556
3690	25160965
3691	25199343
3692	25190379
3693	25197041
3694	25174838
3695	25096644
3696	25240391
3697	25229816
3698	25256711
3699	25225454
3700	25243236
3701	25276811
3702	25185908
3703	25227676
3704	25232589
3705	25246399
3706	25227862
3707	25136853
3708	25188087
3709	25143549
3710	25199240
3711	25200385
3712	25216832
3713	25219556
3714	25160965
3715	25199343
3716	25190379
3717	25197041
3718	25174838
3719	25096644
3720	25240391
3721	25229816
3722	25256711
3723	25225454
3724	25243236
3725	25276811
3726	25185908
3727	25227676
3728	25232589
3729	25246399
3730	25227862
3731	25136853
3732	25188087
3733	25143549
3734	25199240
3735	25200385
3736	25216832
3737	25219556
3738	25160965
3739	25199343
3740	25190379
3741	25197041
3742	25174838
3743	25096644
3744	25240391
3745	25229816
3746	25256711
3747	25225454
3748	25243236
3749	25276811
3750	25185908
3751	25227676
3752	25232589
3753	25246399
3754	25227862
3755	25136853
3756	25188087
3757	25143549
3758	25199240
3759	25200385
3760	25216832
3761	25219556
3762	25160965
3763	25199343
3764	25190379
3765	25197041
3766	25174838
3767	25096644
3768	25240391
3769	25229816
3770	25256711
3771	25225454
3772	25243236
3773	25276811
3774	25185908
3775	25227676
3776	25232589
3777	25246399
3778	25227862
3779	25136853
3780	25188087
3781	25143549
3782	25199240
3783	25200385
3784	25216832
3785	25219556
3786	25160965
3787	25199343
3788	25190379
3789	25197041
3790	25174838
3791	25096644
3792	25240391
3793	25229816
3794	25256711
3795	25225454
3796	25243236
3797	25276811
3798	25185908
3799	25227676
3800	25232589
3801	25246399
3802	25227862
3803	25136853
3804	25188087
3805	25143549
3806	25199240
3807	25200385
3808	25216832
3809	25219556
3810	25160965
3811	25199343
3812	25190379
3813	25197041
3814	25174838
3815	25096644
3816	25240391
3817	25229816
3818	25256711
3819	25225454
3820	25243236
3821	25276811
3822	25185908
3823	25227676
3824	25232589
3825	25246399
3826	25227862
3827	25136853
3828	25188087
3829	25143549
3830	25199240
3831	25200385
3832	25216832
3833	25219556
3834	25160965
3835	25199343
3836	25190379
3837	25197041
3838	25174838
3839	25096644
3840	25240391
3841	25229816
3842	25256711
3843	25225454
3844	25243236
3845	25276811
3846	25185908
3847	25227676
3848	25232589
3849	25246399
3850	25227862
3851	25136853
3852	25188087
3853	25143549
3854	25199240
3855	25200385
3856	25216832
3857	25219556
3858	25160965
3859	25199343
3860	25190379
3861	25197041
3862	25174838
3863	25096644
3864	25240391
3865	25229816
3866	25256711
3867	25225454
3868	25243236
3869	25276811
3870	25185908
3871	25227676
3872	25232589
3873	25246399
3874	25227862
3875	25136853
3876	25188087
3877	25143549
3878	25199240
3879	25200385
3880	25216832
3881	25219556
3882	25160965
3883	25199343
3884	25190379
3885	25197041
3886	25174838
3887	25096644
3888	25240391
3889	25229816
3890	25256711
3891	25225454
3892	25243236
3893	25276811
3894	25185908
3895	25227676
3896	25232589
3897	25246399
3898	25227862
3899	25136853
3900	25188087
3901	25143549
3902	25199240
3903	25200385
3904	25216832
3905	25219556
3906	25160965
3907	25199343
3908	25190379
3909	25197041
3910	25174838
3911	25096644
3912	25240391
3913	25229816
3914	25256711
3915	25225454
3916	25243236
3917	25276811
3918	25185908
3919	25227676
3920	25232589
3921	25246399
3922	25227862
3923	25136853
3924	25188087
3925	25143549
3926	25199240
3927	25200385
3928	25216832
3929	25219556
3930	25160965
3931	25199343
3932	25190379
3933	25197041
3934	25174838
3935	25096644
3936	25240391
3937	25229816
3938	25256711
3939	25225454
3940	25243236
3941	25276811
3942	25185908
3943	25227676
3944	25232589
3945	25246399
3946	25227862
3947	25136853
3948	25188087
3949	25143549
3950	25199240
3951	25200385
3952	25216832
3953	25219556
3954	25160965
3955	25199343
3956	25190379
3957	25197041
3958	25174838
3959	25096644
3960	25240391
3961	25229816
3962	25256711
3963	25225454
3964	25243236
3965	25276811
3966	25185908
3967	25227676
3968	25232589
3969	25246399
3970	25227862
3971	25136853
3972	25188087
3973	25143549
3974	25199240
3975	25200385
3976	25216832
3977	25219556
3978	25160965
3979	25199343
3980	25190379
3981	25197041
3982	25174838
3983	25096644
3984	25240391
3985	25229816
3986	25256711
3987	25225454
3988	25243236
3989	25276811
3990	25185908
3991	25227676
3992	25232589
3993	25246399
3994	25227862
3995	25136853
3996	25188087
3997	25143549
3998	25199240
3999	25200385
4000	25216832
4001	25219556
4002	25160965
4003	25199343
4004	25190379
4005	25197041
4006	25174838
4007	25096644
4008	25240391
4009	25229816
4010	25256711
4011	25225454
4012	25243236
4013	25276811
4014	25185908
4015	25227676
4016	25232589
4017	25246399
4018	25227862
4019	25136853
4020	25188087
4021	25143549
4022	25199240
4023	25200385
4024	25216832
4025	25219556
4026	25160965
4027	25199343
4028	25190379
4029	25197041
4030	25174838
4031	25096644
4032	25240391
4033	25229816
4034	25256711
4035	25225454
4036	25243236
4037	25276811
4038	25185908
4039	25227676
4040	25232589
4041	25246399
4042	25227862
4043	25136853
4044	25188087
4045	25143549
4046	25199240
4047	25200385
4048	25216832
4049	25219556
4050	25160965
4051	25199343
4052	25190379
4053	25197041
4054	25174838
4055	25096644
4056	25240391
4057	25229816
4058	25256711
4059	25225454
4060	25243236
4061	25276811
4062	25185908
4063	25227676
4064	25232589
4065	25246399
4066	25227862
4067	25136853
4068	25188087
4069	25143549
4070	25199240
4071	25200385
4072	25216832
4073	25219556
4074	25160965
4075	25199343
4076	25190379
4077	25197041
4078	25174838
4079	25096644
4080	25240391
4081	25229816
4082	25256711
4083	25225454
4084	25243236
4085	25276811
4086	25185908
4087	25227676
4088	25232589
4089	25246399
4090	25227862
4091	25136853
4092	25188087
4093	25143549
4094	25199240
4095	25200385
