0	98475535
1	98282783
2	98175952
3	98502004
4	98201906
5	98102062
6	98311722
7	98281551
8	98162823
9	98268352
10	98393857
11	98303940
12	98248199
13	98067621
14	98329466
15	98283454
16	98344313
17	98150667
18	98221957
19	98418474
20	98487057
21	98233368
22	98211000
23	98104074
24	98511789
25	98458027
26	98282783
27	98175952
28	98502004
29	98201906
30	98102062
31	98311722
32	98281551
33	98162823
34	98268352
35	98393857
36	98303940
37	98248199
38	98067621
39	98329466
40	98283454
41	98344313
42	98150667
43	98221957
44	98418474
45	98487057
46	98233368
47	98211000
48	98104074
49	98511789
50	98458027
51	98282783
52	98175952
53	98502004
54	98201906
55	98102062
56	98311722
57	98281551
58	98162823
59	98268352
60	98393857
61	98303940
62	98248199
63	98067621
64	98329466
65	98283454
66	98344313
67	98150667
68	98221957
69	98418474
70	98487057
71	98233368
72	98211000
73	98104074
74	98511789
75	98458027
76	98282783
77	98175952
78	98502004
79	98201906
80	98102062
81	98311722
82	98281551
83	98162823
84	98268352
85	98393857
86	98303940
87	98248199
88	98067621
89	98329466
90	98283454
91	98344313
92	98150667
93	98221957
94	98418474
95	98487057
96	98233368
97	98211000
98	98104074
99	98511789
100	98458027
101	98282783
102	98175952
103	98502004
104	98201906
105	98102062
106	98311722
107	98281551
108	98162823
109	98268352
110	98393857
111	98303940
112	98248199
113	98067621
114	98329466
115	98283454
116	98344313
117	98150667
118	98221957
119	98418474
120	98487057
121	98233368
122	98211000
123	98104074
124	98511789
125	98458027
126	98282783
127	98175952
128	98502004
129	98201906
130	98102062
131	98311722
132	98281551
133	98162823
134	98268352
135	98393857
136	98303940
137	98248199
138	98067621
139	98329466
140	98283454
141	98344313
142	98150667
143	98221957
144	98418474
145	98487057
146	98233368
147	98211000
148	98104074
149	98511789
150	98458027
151	98282783
152	98175952
153	98502004
154	98201906
155	98102062
156	98311722
157	98281551
158	98162823
159	98268352
160	98393857
161	98303940
162	98248199
163	98067621
164	98329466
165	98283454
166	98344313
167	98150667
168	98221957
169	98418474
170	98487057
171	98233368
172	98211000
173	98104074
174	98511789
175	98458027
176	98282783
177	98175952
178	98502004
179	98201906
180	98102062
181	98311722
182	98281551
183	98162823
184	98268352
185	98393857
186	98303940
187	98248199
188	98067621
189	98329466
190	98283454
191	98344313
192	98150667
193	98221957
194	98418474
195	98487057
196	98233368
197	98211000
198	98104074
199	98511789
200	98458027
201	98282783
202	98175952
203	98502004
204	98201906
205	98102062
206	98311722
207	98281551
208	98162823
209	98268352
210	98393857
211	98303940
212	98248199
213	98067621
214	98329466
215	98283454
216	98344313
217	98150667
218	98221957
219	98418474
220	98487057
221	98233368
222	98211000
223	98104074
224	98511789
225	98458027
226	98282783
227	98175952
228	98502004
229	98201906
230	98102062
231	98311722
232	98281551
233	98162823
234	98268352
235	98393857
236	98303940
237	98248199
238	98067621
239	98329466
240	98283454
241	98344313
242	98150667
243	98221957
244	98418474
245	98487057
246	98233368
247	98211000
248	98104074
249	98511789
250	98458027
251	98282783
252	98175952
253	98502004
254	98201906
255	98102062
256	98311722
257	98281551
258	98162823
259	98268352
260	98393857
261	98303940
262	98248199
263	98067621
264	98329466
265	98283454
266	98344313
267	98150667
268	98221957
269	98418474
270	98487057
271	98233368
272	98211000
273	98104074
274	98511789
275	98458027
276	98282783
277	98175952
278	98502004
279	98201906
280	98102062
281	98311722
282	98281551
283	98162823
284	98268352
285	98393857
286	98303940
287	98248199
288	98067621
289	98329466
290	98283454
291	98344313
292	98150667
293	98221957
294	98418474
295	98487057
296	98233368
297	98211000
298	98104074
299	98511789
300	98458027
301	98282783
302	98175952
303	98502004
304	98201906
305	98102062
306	98311722
307	98281551
308	98162823
309	98268352
310	98393857
311	98303940
312	98248199
313	98067621
314	98329466
315	98283454
316	98344313
317	98150667
318	98221957
319	98418474
320	98487057
321	98233368
322	98211000
323	98104074
324	98511789
325	98458027
326	98282783
327	98175952
328	98502004
329	98201906
330	98102062
331	98311722
332	98281551
333	98162823
334	98268352
335	98393857
336	98303940
337	98248199
338	98067621
339	98329466
340	98283454
341	98344313
342	98150667
343	98221957
344	98418474
345	98487057
346	98233368
347	98211000
348	98104074
349	98511789
350	98458027
351	98282783
352	98175952
353	98502004
354	98201906
355	98102062
356	98311722
357	98281551
358	98162823
359	98268352
360	98393857
361	98303940
362	98248199
363	98067621
364	98329466
365	98283454
366	98344313
367	98150667
368	98221957
369	98418474
370	98487057
371	98233368
372	98211000
373	98104074
374	98511789
375	98458027
376	98282783
377	98175952
378	98502004
379	98201906
380	98102062
381	98311722
382	98281551
383	98162823
384	98268352
385	98393857
386	98303940
387	98248199
388	98067621
389	98329466
390	98283454
391	98344313
392	98150667
393	98221957
394	98418474
395	98487057
396	98233368
397	98211000
398	98104074
399	98511789
400	98458027
401	98282783
402	98175952
403	98502004
404	98201906
405	98102062
406	98311722
407	98281551
408	98162823
409	98268352
410	98393857
411	98303940
412	98248199
413	98067621
414	98329466
415	98283454
416	98344313
417	98150667
418	98221957
419	98418474
420	98487057
421	98233368
422	98211000
423	98104074
424	98511789
425	98458027
426	98282783
427	98175952
428	98502004
429	98201906
430	98102062
431	98311722
432	98281551
433	98162823
434	98268352
435	98393857
436	98303940
437	98248199
438	98067621
439	98329466
440	98283454
441	98344313
442	98150667
443	98221957
444	98418474
445	98487057
446	98233368
447	98211000
448	98104074
449	98511789
450	98458027
451	98282783
452	98175952
453	98502004
454	98201906
455	98102062
456	98311722
457	98281551
458	98162823
459	98268352
460	98393857
461	98303940
462	98248199
463	98067621
464	98329466
465	98283454
466	98344313
467	98150667
468	98221957
469	98418474
470	98487057
471	98233368
472	98211000
473	98104074
474	98511789
475	98458027
476	98282783
477	98175952
478	98502004
479	98201906
480	98102062
481	98311722
482	98281551
483	98162823
484	98268352
485	98393857
486	98303940
487	98248199
488	98067621
489	98329466
490	98283454
491	98344313
492	98150667
493	98221957
494	98418474
495	98487057
496	98233368
497	98211000
498	98104074
499	98511789
500	98458027
501	98282783
502	98175952
503	98502004
504	98201906
505	98102062
506	98311722
507	98281551
508	98162823
509	98268352
510	98393857
511	98303940
512	98248199
513	98067621
514	98329466
515	98283454
516	98344313
517	98150667
518	98221957
519	98418474
520	98487057
521	98233368
522	98211000
523	98104074
524	98511789
525	98458027
526	98282783
527	98175952
528	98502004
529	98201906
530	98102062
531	98311722
532	98281551
533	98162823
534	98268352
535	98393857
536	98303940
537	98248199
538	98067621
539	98329466
540	98283454
541	98344313
542	98150667
543	98221957
544	98418474
545	98487057
546	98233368
547	98211000
548	98104074
549	98511789
550	98458027
551	98282783
552	98175952
553	98502004
554	98201906
555	98102062
556	98311722
557	98281551
558	98162823
559	98268352
560	98393857
561	98303940
562	98248199
563	98067621
564	98329466
565	98283454
566	98344313
567	98150667
568	98221957
569	98418474
570	98487057
571	98233368
572	98211000
573	98104074
574	98511789
575	98458027
576	98282783
577	98175952
578	98502004
579	98201906
580	98102062
581	98311722
582	98281551
583	98162823
584	98268352
585	98393857
586	98303940
587	98248199
588	98067621
589	98329466
590	98283454
591	98344313
592	98150667
593	98221957
594	98418474
595	98487057
596	98233368
597	98211000
598	98104074
599	98511789
600	98458027
601	98282783
602	98175952
603	98502004
604	98201906
605	98102062
606	98311722
607	98281551
608	98162823
609	98268352
610	98393857
611	98303940
612	98248199
613	98067621
614	98329466
615	98283454
616	98344313
617	98150667
618	98221957
619	98418474
620	98487057
621	98233368
622	98211000
623	98104074
624	98511789
625	98458027
626	98282783
627	98175952
628	98502004
629	98201906
630	98102062
631	98311722
632	98281551
633	98162823
634	98268352
635	98393857
636	98303940
637	98248199
638	98067621
639	98329466
640	98283454
641	98344313
642	98150667
643	98221957
644	98418474
645	98487057
646	98233368
647	98211000
648	98104074
649	98511789
650	98458027
651	98282783
652	98175952
653	98502004
654	98201906
655	98102062
656	98311722
657	98281551
658	98162823
659	98268352
660	98393857
661	98303940
662	98248199
663	98067621
664	98329466
665	98283454
666	98344313
667	98150667
668	98221957
669	98418474
670	98487057
671	98233368
672	98211000
673	98104074
674	98511789
675	98458027
676	98282783
677	98175952
678	98502004
679	98201906
680	98102062
681	98311722
682	98281551
683	98162823
684	98268352
685	98393857
686	98303940
687	98248199
688	98067621
689	98329466
690	98283454
691	98344313
692	98150667
693	98221957
694	98418474
695	98487057
696	98233368
697	98211000
698	98104074
699	98511789
700	98458027
701	98282783
702	98175952
703	98502004
704	98201906
705	98102062
706	98311722
707	98281551
708	98162823
709	98268352
710	98393857
711	98303940
712	98248199
713	98067621
714	98329466
715	98283454
716	98344313
717	98150667
718	98221957
719	98418474
720	98487057
721	98233368
722	98211000
723	98104074
724	98511789
725	98458027
726	98282783
727	98175952
728	98502004
729	98201906
730	98102062
731	98311722
732	98281551
733	98162823
734	98268352
735	98393857
736	98303940
737	98248199
738	98067621
739	98329466
740	98283454
741	98344313
742	98150667
743	98221957
744	98418474
745	98487057
746	98233368
747	98211000
748	98104074
749	98511789
750	98458027
751	98282783
752	98175952
753	98502004
754	98201906
755	98102062
756	98311722
757	98281551
758	98162823
759	98268352
760	98393857
761	98303940
762	98248199
763	98067621
764	98329466
765	98283454
766	98344313
767	98150667
768	98221957
769	98418474
770	98487057
771	98233368
772	98211000
773	98104074
774	98511789
775	98458027
776	98282783
777	98175952
778	98502004
779	98201906
780	98102062
781	98311722
782	98281551
783	98162823
784	98268352
785	98393857
786	98303940
787	98248199
788	98067621
789	98329466
790	98283454
791	98344313
792	98150667
793	98221957
794	98418474
795	98487057
796	98233368
797	98211000
798	98104074
799	98511789
800	98458027
801	98282783
802	98175952
803	98502004
804	98201906
805	98102062
806	98311722
807	98281551
808	98162823
809	98268352
810	98393857
811	98303940
812	98248199
813	98067621
814	98329466
815	98283454
816	98344313
817	98150667
818	98221957
819	98418474
820	98487057
821	98233368
822	98211000
823	98104074
824	98511789
825	98458027
826	98282783
827	98175952
828	98502004
829	98201906
830	98102062
831	98311722
832	98281551
833	98162823
834	98268352
835	98393857
836	98303940
837	98248199
838	98067621
839	98329466
840	98283454
841	98344313
842	98150667
843	98221957
844	98418474
845	98487057
846	98233368
847	98211000
848	98104074
849	98511789
850	98458027
851	98282783
852	98175952
853	98502004
854	98201906
855	98102062
856	98311722
857	98281551
858	98162823
859	98268352
860	98393857
861	98303940
862	98248199
863	98067621
864	98329466
865	98283454
866	98344313
867	98150667
868	98221957
869	98418474
870	98487057
871	98233368
872	98211000
873	98104074
874	98511789
875	98458027
876	98282783
877	98175952
878	98502004
879	98201906
880	98102062
881	98311722
882	98281551
883	98162823
884	98268352
885	98393857
886	98303940
887	98248199
888	98067621
889	98329466
890	98283454
891	98344313
892	98150667
893	98221957
894	98418474
895	98487057
896	98233368
897	98211000
898	98104074
899	98511789
900	98458027
901	98282783
902	98175952
903	98502004
904	98201906
905	98102062
906	98311722
907	98281551
908	98162823
909	98268352
910	98393857
911	98303940
912	98248199
913	98067621
914	98329466
915	98283454
916	98344313
917	98150667
918	98221957
919	98418474
920	98487057
921	98233368
922	98211000
923	98104074
924	98511789
925	98458027
926	98282783
927	98175952
928	98502004
929	98201906
930	98102062
931	98311722
932	98281551
933	98162823
934	98268352
935	98393857
936	98303940
937	98248199
938	98067621
939	98329466
940	98283454
941	98344313
942	98150667
943	98221957
944	98418474
945	98487057
946	98233368
947	98211000
948	98104074
949	98511789
950	98458027
951	98282783
952	98175952
953	98502004
954	98201906
955	98102062
956	98311722
957	98281551
958	98162823
959	98268352
960	98393857
961	98303940
962	98248199
963	98067621
964	98329466
965	98283454
966	98344313
967	98150667
968	98221957
969	98418474
970	98487057
971	98233368
972	98211000
973	98104074
974	98511789
975	98458027
976	98282783
977	98175952
978	98502004
979	98201906
980	98102062
981	98311722
982	98281551
983	98162823
984	98268352
985	98393857
986	98303940
987	98248199
988	98067621
989	98329466
990	98283454
991	98344313
992	98150667
993	98221957
994	98418474
995	98487057
996	98233368
997	98211000
998	98104074
999	98511789
1000	98458027
1001	98282783
1002	98175952
1003	98502004
1004	98201906
1005	98102062
1006	98311722
1007	98281551
1008	98162823
1009	98268352
1010	98393857
1011	98303940
1012	98248199
1013	98067621
1014	98329466
1015	98283454
1016	98344313
1017	98150667
1018	98221957
1019	98418474
1020	98487057
1021	98233368
1022	98211000
1023	98104074
1024	98511789
1025	98458027
1026	98282783
1027	98175952
1028	98502004
1029	98201906
1030	98102062
1031	98311722
1032	98281551
1033	98162823
1034	98268352
1035	98393857
1036	98303940
1037	98248199
1038	98067621
1039	98329466
1040	98283454
1041	98344313
1042	98150667
1043	98221957
1044	98418474
1045	98487057
1046	98233368
1047	98211000
1048	98104074
1049	98511789
1050	98458027
1051	98282783
1052	98175952
1053	98502004
1054	98201906
1055	98102062
1056	98311722
1057	98281551
1058	98162823
1059	98268352
1060	98393857
1061	98303940
1062	98248199
1063	98067621
1064	98329466
1065	98283454
1066	98344313
1067	98150667
1068	98221957
1069	98418474
1070	98487057
1071	98233368
1072	98211000
1073	98104074
1074	98511789
1075	98458027
1076	98282783
1077	98175952
1078	98502004
1079	98201906
1080	98102062
1081	98311722
1082	98281551
1083	98162823
1084	98268352
1085	98393857
1086	98303940
1087	98248199
1088	98067621
1089	98329466
1090	98283454
1091	98344313
1092	98150667
1093	98221957
1094	98418474
1095	98487057
1096	98233368
1097	98211000
1098	98104074
1099	98511789
1100	98458027
1101	98282783
1102	98175952
1103	98502004
1104	98201906
1105	98102062
1106	98311722
1107	98281551
1108	98162823
1109	98268352
1110	98393857
1111	98303940
1112	98248199
1113	98067621
1114	98329466
1115	98283454
1116	98344313
1117	98150667
1118	98221957
1119	98418474
1120	98487057
1121	98233368
1122	98211000
1123	98104074
1124	98511789
1125	98458027
1126	98282783
1127	98175952
1128	98502004
1129	98201906
1130	98102062
1131	98311722
1132	98281551
1133	98162823
1134	98268352
1135	98393857
1136	98303940
1137	98248199
1138	98067621
1139	98329466
1140	98283454
1141	98344313
1142	98150667
1143	98221957
1144	98418474
1145	98487057
1146	98233368
1147	98211000
1148	98104074
1149	98511789
1150	98458027
1151	98282783
1152	98175952
1153	98502004
1154	98201906
1155	98102062
1156	98311722
1157	98281551
1158	98162823
1159	98268352
1160	98393857
1161	98303940
1162	98248199
1163	98067621
1164	98329466
1165	98283454
1166	98344313
1167	98150667
1168	98221957
1169	98418474
1170	98487057
1171	98233368
1172	98211000
1173	98104074
1174	98511789
1175	98458027
1176	98282783
1177	98175952
1178	98502004
1179	98201906
1180	98102062
1181	98311722
1182	98281551
1183	98162823
1184	98268352
1185	98393857
1186	98303940
1187	98248199
1188	98067621
1189	98329466
1190	98283454
1191	98344313
1192	98150667
1193	98221957
1194	98418474
1195	98487057
1196	98233368
1197	98211000
1198	98104074
1199	98511789
1200	98458027
1201	98282783
1202	98175952
1203	98502004
1204	98201906
1205	98102062
1206	98311722
1207	98281551
1208	98162823
1209	98268352
1210	98393857
1211	98303940
1212	98248199
1213	98067621
1214	98329466
1215	98283454
1216	98344313
1217	98150667
1218	98221957
1219	98418474
1220	98487057
1221	98233368
1222	98211000
1223	98104074
1224	98511789
1225	98458027
1226	98282783
1227	98175952
1228	98502004
1229	98201906
1230	98102062
1231	98311722
1232	98281551
1233	98162823
1234	98268352
1235	98393857
1236	98303940
1237	98248199
1238	98067621
1239	98329466
1240	98283454
1241	98344313
1242	98150667
1243	98221957
1244	98418474
1245	98487057
1246	98233368
1247	98211000
1248	98104074
1249	98511789
1250	98458027
1251	98282783
1252	98175952
1253	98502004
1254	98201906
1255	98102062
1256	98311722
1257	98281551
1258	98162823
1259	98268352
1260	98393857
1261	98303940
1262	98248199
1263	98067621
1264	98329466
1265	98283454
1266	98344313
1267	98150667
1268	98221957
1269	98418474
1270	98487057
1271	98233368
1272	98211000
1273	98104074
1274	98511789
1275	98458027
1276	98282783
1277	98175952
1278	98502004
1279	98201906
1280	98102062
1281	98311722
1282	98281551
1283	98162823
1284	98268352
1285	98393857
1286	98303940
1287	98248199
1288	98067621
1289	98329466
1290	98283454
1291	98344313
1292	98150667
1293	98221957
1294	98418474
1295	98487057
1296	98233368
1297	98211000
1298	98104074
1299	98511789
1300	98458027
1301	98282783
1302	98175952
1303	98502004
1304	98201906
1305	98102062
1306	98311722
1307	98281551
1308	98162823
1309	98268352
1310	98393857
1311	98303940
1312	98248199
1313	98067621
1314	98329466
1315	98283454
1316	98344313
1317	98150667
1318	98221957
1319	98418474
1320	98487057
1321	98233368
1322	98211000
1323	98104074
1324	98511789
1325	98458027
1326	98282783
1327	98175952
1328	98502004
1329	98201906
1330	98102062
1331	98311722
1332	98281551
1333	98162823
1334	98268352
1335	98393857
1336	98303940
1337	98248199
1338	98067621
1339	98329466
1340	98283454
1341	98344313
1342	98150667
1343	98221957
1344	98418474
1345	98487057
1346	98233368
1347	98211000
1348	98104074
1349	98511789
1350	98458027
1351	98282783
1352	98175952
1353	98502004
1354	98201906
1355	98102062
1356	98311722
1357	98281551
1358	98162823
1359	98268352
1360	98393857
1361	98303940
1362	98248199
1363	98067621
1364	98329466
1365	98283454
1366	98344313
1367	98150667
1368	98221957
1369	98418474
1370	98487057
1371	98233368
1372	98211000
1373	98104074
1374	98511789
1375	98458027
1376	98282783
1377	98175952
1378	98502004
1379	98201906
1380	98102062
1381	98311722
1382	98281551
1383	98162823
1384	98268352
1385	98393857
1386	98303940
1387	98248199
1388	98067621
1389	98329466
1390	98283454
1391	98344313
1392	98150667
1393	98221957
1394	98418474
1395	98487057
1396	98233368
1397	98211000
1398	98104074
1399	98511789
1400	98458027
1401	98282783
1402	98175952
1403	98502004
1404	98201906
1405	98102062
1406	98311722
1407	98281551
1408	98162823
1409	98268352
1410	98393857
1411	98303940
1412	98248199
1413	98067621
1414	98329466
1415	98283454
1416	98344313
1417	98150667
1418	98221957
1419	98418474
1420	98487057
1421	98233368
1422	98211000
1423	98104074
1424	98511789
1425	98458027
1426	98282783
1427	98175952
1428	98502004
1429	98201906
1430	98102062
1431	98311722
1432	98281551
1433	98162823
1434	98268352
1435	98393857
1436	98303940
1437	98248199
1438	98067621
1439	98329466
1440	98283454
1441	98344313
1442	98150667
1443	98221957
1444	98418474
1445	98487057
1446	98233368
1447	98211000
1448	98104074
1449	98511789
1450	98458027
1451	98282783
1452	98175952
1453	98502004
1454	98201906
1455	98102062
1456	98311722
1457	98281551
1458	98162823
1459	98268352
1460	98393857
1461	98303940
1462	98248199
1463	98067621
1464	98329466
1465	98283454
1466	98344313
1467	98150667
1468	98221957
1469	98418474
1470	98487057
1471	98233368
1472	98211000
1473	98104074
1474	98511789
1475	98458027
1476	98282783
1477	98175952
1478	98502004
1479	98201906
1480	98102062
1481	98311722
1482	98281551
1483	98162823
1484	98268352
1485	98393857
1486	98303940
1487	98248199
1488	98067621
1489	98329466
1490	98283454
1491	98344313
1492	98150667
1493	98221957
1494	98418474
1495	98487057
1496	98233368
1497	98211000
1498	98104074
1499	98511789
1500	98458027
1501	98282783
1502	98175952
1503	98502004
1504	98201906
1505	98102062
1506	98311722
1507	98281551
1508	98162823
1509	98268352
1510	98393857
1511	98303940
1512	98248199
1513	98067621
1514	98329466
1515	98283454
1516	98344313
1517	98150667
1518	98221957
1519	98418474
1520	98487057
1521	98233368
1522	98211000
1523	98104074
1524	98511789
1525	98458027
1526	98282783
1527	98175952
1528	98502004
1529	98201906
1530	98102062
1531	98311722
1532	98281551
1533	98162823
1534	98268352
1535	98393857
1536	98303940
1537	98248199
1538	98067621
1539	98329466
1540	98283454
1541	98344313
1542	98150667
1543	98221957
1544	98418474
1545	98487057
1546	98233368
1547	98211000
1548	98104074
1549	98511789
1550	98458027
1551	98282783
1552	98175952
1553	98502004
1554	98201906
1555	98102062
1556	98311722
1557	98281551
1558	98162823
1559	98268352
1560	98393857
1561	98303940
1562	98248199
1563	98067621
1564	98329466
1565	98283454
1566	98344313
1567	98150667
1568	98221957
1569	98418474
1570	98487057
1571	98233368
1572	98211000
1573	98104074
1574	98511789
1575	98458027
1576	98282783
1577	98175952
1578	98502004
1579	98201906
1580	98102062
1581	98311722
1582	98281551
1583	98162823
1584	98268352
1585	98393857
1586	98303940
1587	98248199
1588	98067621
1589	98329466
1590	98283454
1591	98344313
1592	98150667
1593	98221957
1594	98418474
1595	98487057
1596	98233368
1597	98211000
1598	98104074
1599	98511789
1600	98458027
1601	98282783
1602	98175952
1603	98502004
1604	98201906
1605	98102062
1606	98311722
1607	98281551
1608	98162823
1609	98268352
1610	98393857
1611	98303940
1612	98248199
1613	98067621
1614	98329466
1615	98283454
1616	98344313
1617	98150667
1618	98221957
1619	98418474
1620	98487057
1621	98233368
1622	98211000
1623	98104074
1624	98511789
1625	98458027
1626	98282783
1627	98175952
1628	98502004
1629	98201906
1630	98102062
1631	98311722
1632	98281551
1633	98162823
1634	98268352
1635	98393857
1636	98303940
1637	98248199
1638	98067621
1639	98329466
1640	98283454
1641	98344313
1642	98150667
1643	98221957
1644	98418474
1645	98487057
1646	98233368
1647	98211000
1648	98104074
1649	98511789
1650	98458027
1651	98282783
1652	98175952
1653	98502004
1654	98201906
1655	98102062
1656	98311722
1657	98281551
1658	98162823
1659	98268352
1660	98393857
1661	98303940
1662	98248199
1663	98067621
1664	98329466
1665	98283454
1666	98344313
1667	98150667
1668	98221957
1669	98418474
1670	98487057
1671	98233368
1672	98211000
1673	98104074
1674	98511789
1675	98458027
1676	98282783
1677	98175952
1678	98502004
1679	98201906
1680	98102062
1681	98311722
1682	98281551
1683	98162823
1684	98268352
1685	98393857
1686	98303940
1687	98248199
1688	98067621
1689	98329466
1690	98283454
1691	98344313
1692	98150667
1693	98221957
1694	98418474
1695	98487057
1696	98233368
1697	98211000
1698	98104074
1699	98511789
1700	98458027
1701	98282783
1702	98175952
1703	98502004
1704	98201906
1705	98102062
1706	98311722
1707	98281551
1708	98162823
1709	98268352
1710	98393857
1711	98303940
1712	98248199
1713	98067621
1714	98329466
1715	98283454
1716	98344313
1717	98150667
1718	98221957
1719	98418474
1720	98487057
1721	98233368
1722	98211000
1723	98104074
1724	98511789
1725	98458027
1726	98282783
1727	98175952
1728	98502004
1729	98201906
1730	98102062
1731	98311722
1732	98281551
1733	98162823
1734	98268352
1735	98393857
1736	98303940
1737	98248199
1738	98067621
1739	98329466
1740	98283454
1741	98344313
1742	98150667
1743	98221957
1744	98418474
1745	98487057
1746	98233368
1747	98211000
1748	98104074
1749	98511789
1750	98458027
1751	98282783
1752	98175952
1753	98502004
1754	98201906
1755	98102062
1756	98311722
1757	98281551
1758	98162823
1759	98268352
1760	98393857
1761	98303940
1762	98248199
1763	98067621
1764	98329466
1765	98283454
1766	98344313
1767	98150667
1768	98221957
1769	98418474
1770	98487057
1771	98233368
1772	98211000
1773	98104074
1774	98511789
1775	98458027
1776	98282783
1777	98175952
1778	98502004
1779	98201906
1780	98102062
1781	98311722
1782	98281551
1783	98162823
1784	98268352
1785	98393857
1786	98303940
1787	98248199
1788	98067621
1789	98329466
1790	98283454
1791	98344313
1792	98150667
1793	98221957
1794	98418474
1795	98487057
1796	98233368
1797	98211000
1798	98104074
1799	98511789
1800	98458027
1801	98282783
1802	98175952
1803	98502004
1804	98201906
1805	98102062
1806	98311722
1807	98281551
1808	98162823
1809	98268352
1810	98393857
1811	98303940
1812	98248199
1813	98067621
1814	98329466
1815	98283454
1816	98344313
1817	98150667
1818	98221957
1819	98418474
1820	98487057
1821	98233368
1822	98211000
1823	98104074
1824	98511789
1825	98458027
1826	98282783
1827	98175952
1828	98502004
1829	98201906
1830	98102062
1831	98311722
1832	98281551
1833	98162823
1834	98268352
1835	98393857
1836	98303940
1837	98248199
1838	98067621
1839	98329466
1840	98283454
1841	98344313
1842	98150667
1843	98221957
1844	98418474
1845	98487057
1846	98233368
1847	98211000
1848	98104074
1849	98511789
1850	98458027
1851	98282783
1852	98175952
1853	98502004
1854	98201906
1855	98102062
1856	98311722
1857	98281551
1858	98162823
1859	98268352
1860	98393857
1861	98303940
1862	98248199
1863	98067621
1864	98329466
1865	98283454
1866	98344313
1867	98150667
1868	98221957
1869	98418474
1870	98487057
1871	98233368
1872	98211000
1873	98104074
1874	98511789
1875	98458027
1876	98282783
1877	98175952
1878	98502004
1879	98201906
1880	98102062
1881	98311722
1882	98281551
1883	98162823
1884	98268352
1885	98393857
1886	98303940
1887	98248199
1888	98067621
1889	98329466
1890	98283454
1891	98344313
1892	98150667
1893	98221957
1894	98418474
1895	98487057
1896	98233368
1897	98211000
1898	98104074
1899	98511789
1900	98458027
1901	98282783
1902	98175952
1903	98502004
1904	98201906
1905	98102062
1906	98311722
1907	98281551
1908	98162823
1909	98268352
1910	98393857
1911	98303940
1912	98248199
1913	98067621
1914	98329466
1915	98283454
1916	98344313
1917	98150667
1918	98221957
1919	98418474
1920	98487057
1921	98233368
1922	98211000
1923	98104074
1924	98511789
1925	98458027
1926	98282783
1927	98175952
1928	98502004
1929	98201906
1930	98102062
1931	98311722
1932	98281551
1933	98162823
1934	98268352
1935	98393857
1936	98303940
1937	98248199
1938	98067621
1939	98329466
1940	98283454
1941	98344313
1942	98150667
1943	98221957
1944	98418474
1945	98487057
1946	98233368
1947	98211000
1948	98104074
1949	98511789
1950	98458027
1951	98282783
1952	98175952
1953	98502004
1954	98201906
1955	98102062
1956	98311722
1957	98281551
1958	98162823
1959	98268352
1960	98393857
1961	98303940
1962	98248199
1963	98067621
1964	98329466
1965	98283454
1966	98344313
1967	98150667
1968	98221957
1969	98418474
1970	98487057
1971	98233368
1972	98211000
1973	98104074
1974	98511789
1975	98458027
1976	98282783
1977	98175952
1978	98502004
1979	98201906
1980	98102062
1981	98311722
1982	98281551
1983	98162823
1984	98268352
1985	98393857
1986	98303940
1987	98248199
1988	98067621
1989	98329466
1990	98283454
1991	98344313
1992	98150667
1993	98221957
1994	98418474
1995	98487057
1996	98233368
1997	98211000
1998	98104074
1999	98511789
2000	98458027
2001	98282783
2002	98175952
2003	98502004
2004	98201906
2005	98102062
2006	98311722
2007	98281551
2008	98162823
2009	98268352
2010	98393857
2011	98303940
2012	98248199
2013	98067621
2014	98329466
2015	98283454
2016	98344313
2017	98150667
2018	98221957
2019	98418474
2020	98487057
2021	98233368
2022	98211000
2023	98104074
2024	98511789
2025	98458027
2026	98282783
2027	98175952
2028	98502004
2029	98201906
2030	98102062
2031	98311722
2032	98281551
2033	98162823
2034	98268352
2035	98393857
2036	98303940
2037	98248199
2038	98067621
2039	98329466
2040	98283454
2041	98344313
2042	98150667
2043	98221957
2044	98418474
2045	98487057
2046	98233368
2047	98211000
2048	98104074
2049	98511789
2050	98458027
2051	98282783
2052	98175952
2053	98502004
2054	98201906
2055	98102062
2056	98311722
2057	98281551
2058	98162823
2059	98268352
2060	98393857
2061	98303940
2062	98248199
2063	98067621
2064	98329466
2065	98283454
2066	98344313
2067	98150667
2068	98221957
2069	98418474
2070	98487057
2071	98233368
2072	98211000
2073	98104074
2074	98511789
2075	98458027
2076	98282783
2077	98175952
2078	98502004
2079	98201906
2080	98102062
2081	98311722
2082	98281551
2083	98162823
2084	98268352
2085	98393857
2086	98303940
2087	98248199
2088	98067621
2089	98329466
2090	98283454
2091	98344313
2092	98150667
2093	98221957
2094	98418474
2095	98487057
2096	98233368
2097	98211000
2098	98104074
2099	98511789
2100	98458027
2101	98282783
2102	98175952
2103	98502004
2104	98201906
2105	98102062
2106	98311722
2107	98281551
2108	98162823
2109	98268352
2110	98393857
2111	98303940
2112	98248199
2113	98067621
2114	98329466
2115	98283454
2116	98344313
2117	98150667
2118	98221957
2119	98418474
2120	98487057
2121	98233368
2122	98211000
2123	98104074
2124	98511789
2125	98458027
2126	98282783
2127	98175952
2128	98502004
2129	98201906
2130	98102062
2131	98311722
2132	98281551
2133	98162823
2134	98268352
2135	98393857
2136	98303940
2137	98248199
2138	98067621
2139	98329466
2140	98283454
2141	98344313
2142	98150667
2143	98221957
2144	98418474
2145	98487057
2146	98233368
2147	98211000
2148	98104074
2149	98511789
2150	98458027
2151	98282783
2152	98175952
2153	98502004
2154	98201906
2155	98102062
2156	98311722
2157	98281551
2158	98162823
2159	98268352
2160	98393857
2161	98303940
2162	98248199
2163	98067621
2164	98329466
2165	98283454
2166	98344313
2167	98150667
2168	98221957
2169	98418474
2170	98487057
2171	98233368
2172	98211000
2173	98104074
2174	98511789
2175	98458027
2176	98282783
2177	98175952
2178	98502004
2179	98201906
2180	98102062
2181	98311722
2182	98281551
2183	98162823
2184	98268352
2185	98393857
2186	98303940
2187	98248199
2188	98067621
2189	98329466
2190	98283454
2191	98344313
2192	98150667
2193	98221957
2194	98418474
2195	98487057
2196	98233368
2197	98211000
2198	98104074
2199	98511789
2200	98458027
2201	98282783
2202	98175952
2203	98502004
2204	98201906
2205	98102062
2206	98311722
2207	98281551
2208	98162823
2209	98268352
2210	98393857
2211	98303940
2212	98248199
2213	98067621
2214	98329466
2215	98283454
2216	98344313
2217	98150667
2218	98221957
2219	98418474
2220	98487057
2221	98233368
2222	98211000
2223	98104074
2224	98511789
2225	98458027
2226	98282783
2227	98175952
2228	98502004
2229	98201906
2230	98102062
2231	98311722
2232	98281551
2233	98162823
2234	98268352
2235	98393857
2236	98303940
2237	98248199
2238	98067621
2239	98329466
2240	98283454
2241	98344313
2242	98150667
2243	98221957
2244	98418474
2245	98487057
2246	98233368
2247	98211000
2248	98104074
2249	98511789
2250	98458027
2251	98282783
2252	98175952
2253	98502004
2254	98201906
2255	98102062
2256	98311722
2257	98281551
2258	98162823
2259	98268352
2260	98393857
2261	98303940
2262	98248199
2263	98067621
2264	98329466
2265	98283454
2266	98344313
2267	98150667
2268	98221957
2269	98418474
2270	98487057
2271	98233368
2272	98211000
2273	98104074
2274	98511789
2275	98458027
2276	98282783
2277	98175952
2278	98502004
2279	98201906
2280	98102062
2281	98311722
2282	98281551
2283	98162823
2284	98268352
2285	98393857
2286	98303940
2287	98248199
2288	98067621
2289	98329466
2290	98283454
2291	98344313
2292	98150667
2293	98221957
2294	98418474
2295	98487057
2296	98233368
2297	98211000
2298	98104074
2299	98511789
2300	98458027
2301	98282783
2302	98175952
2303	98502004
2304	98201906
2305	98102062
2306	98311722
2307	98281551
2308	98162823
2309	98268352
2310	98393857
2311	98303940
2312	98248199
2313	98067621
2314	98329466
2315	98283454
2316	98344313
2317	98150667
2318	98221957
2319	98418474
2320	98487057
2321	98233368
2322	98211000
2323	98104074
2324	98511789
2325	98458027
2326	98282783
2327	98175952
2328	98502004
2329	98201906
2330	98102062
2331	98311722
2332	98281551
2333	98162823
2334	98268352
2335	98393857
2336	98303940
2337	98248199
2338	98067621
2339	98329466
2340	98283454
2341	98344313
2342	98150667
2343	98221957
2344	98418474
2345	98487057
2346	98233368
2347	98211000
2348	98104074
2349	98511789
2350	98458027
2351	98282783
2352	98175952
2353	98502004
2354	98201906
2355	98102062
2356	98311722
2357	98281551
2358	98162823
2359	98268352
2360	98393857
2361	98303940
2362	98248199
2363	98067621
2364	98329466
2365	98283454
2366	98344313
2367	98150667
2368	98221957
2369	98418474
2370	98487057
2371	98233368
2372	98211000
2373	98104074
2374	98511789
2375	98458027
2376	98282783
2377	98175952
2378	98502004
2379	98201906
2380	98102062
2381	98311722
2382	98281551
2383	98162823
2384	98268352
2385	98393857
2386	98303940
2387	98248199
2388	98067621
2389	98329466
2390	98283454
2391	98344313
2392	98150667
2393	98221957
2394	98418474
2395	98487057
2396	98233368
2397	98211000
2398	98104074
2399	98511789
2400	98458027
2401	98282783
2402	98175952
2403	98502004
2404	98201906
2405	98102062
2406	98311722
2407	98281551
2408	98162823
2409	98268352
2410	98393857
2411	98303940
2412	98248199
2413	98067621
2414	98329466
2415	98283454
2416	98344313
2417	98150667
2418	98221957
2419	98418474
2420	98487057
2421	98233368
2422	98211000
2423	98104074
2424	98511789
2425	98458027
2426	98282783
2427	98175952
2428	98502004
2429	98201906
2430	98102062
2431	98311722
2432	98281551
2433	98162823
2434	98268352
2435	98393857
2436	98303940
2437	98248199
2438	98067621
2439	98329466
2440	98283454
2441	98344313
2442	98150667
2443	98221957
2444	98418474
2445	98487057
2446	98233368
2447	98211000
2448	98104074
2449	98511789
2450	98458027
2451	98282783
2452	98175952
2453	98502004
2454	98201906
2455	98102062
2456	98311722
2457	98281551
2458	98162823
2459	98268352
2460	98393857
2461	98303940
2462	98248199
2463	98067621
2464	98329466
2465	98283454
2466	98344313
2467	98150667
2468	98221957
2469	98418474
2470	98487057
2471	98233368
2472	98211000
2473	98104074
2474	98511789
2475	98458027
2476	98282783
2477	98175952
2478	98502004
2479	98201906
2480	98102062
2481	98311722
2482	98281551
2483	98162823
2484	98268352
2485	98393857
2486	98303940
2487	98248199
2488	98067621
2489	98329466
2490	98283454
2491	98344313
2492	98150667
2493	98221957
2494	98418474
2495	98487057
2496	98233368
2497	98211000
2498	98104074
2499	98511789
2500	98458027
2501	98282783
2502	98175952
2503	98502004
2504	98201906
2505	98102062
2506	98311722
2507	98281551
2508	98162823
2509	98268352
2510	98393857
2511	98303940
2512	98248199
2513	98067621
2514	98329466
2515	98283454
2516	98344313
2517	98150667
2518	98221957
2519	98418474
2520	98487057
2521	98233368
2522	98211000
2523	98104074
2524	98511789
2525	98458027
2526	98282783
2527	98175952
2528	98502004
2529	98201906
2530	98102062
2531	98311722
2532	98281551
2533	98162823
2534	98268352
2535	98393857
2536	98303940
2537	98248199
2538	98067621
2539	98329466
2540	98283454
2541	98344313
2542	98150667
2543	98221957
2544	98418474
2545	98487057
2546	98233368
2547	98211000
2548	98104074
2549	98511789
2550	98458027
2551	98282783
2552	98175952
2553	98502004
2554	98201906
2555	98102062
2556	98311722
2557	98281551
2558	98162823
2559	98268352
2560	98393857
2561	98303940
2562	98248199
2563	98067621
2564	98329466
2565	98283454
2566	98344313
2567	98150667
2568	98221957
2569	98418474
2570	98487057
2571	98233368
2572	98211000
2573	98104074
2574	98511789
2575	98458027
2576	98282783
2577	98175952
2578	98502004
2579	98201906
2580	98102062
2581	98311722
2582	98281551
2583	98162823
2584	98268352
2585	98393857
2586	98303940
2587	98248199
2588	98067621
2589	98329466
2590	98283454
2591	98344313
2592	98150667
2593	98221957
2594	98418474
2595	98487057
2596	98233368
2597	98211000
2598	98104074
2599	98511789
2600	98458027
2601	98282783
2602	98175952
2603	98502004
2604	98201906
2605	98102062
2606	98311722
2607	98281551
2608	98162823
2609	98268352
2610	98393857
2611	98303940
2612	98248199
2613	98067621
2614	98329466
2615	98283454
2616	98344313
2617	98150667
2618	98221957
2619	98418474
2620	98487057
2621	98233368
2622	98211000
2623	98104074
2624	98511789
2625	98458027
2626	98282783
2627	98175952
2628	98502004
2629	98201906
2630	98102062
2631	98311722
2632	98281551
2633	98162823
2634	98268352
2635	98393857
2636	98303940
2637	98248199
2638	98067621
2639	98329466
2640	98283454
2641	98344313
2642	98150667
2643	98221957
2644	98418474
2645	98487057
2646	98233368
2647	98211000
2648	98104074
2649	98511789
2650	98458027
2651	98282783
2652	98175952
2653	98502004
2654	98201906
2655	98102062
2656	98311722
2657	98281551
2658	98162823
2659	98268352
2660	98393857
2661	98303940
2662	98248199
2663	98067621
2664	98329466
2665	98283454
2666	98344313
2667	98150667
2668	98221957
2669	98418474
2670	98487057
2671	98233368
2672	98211000
2673	98104074
2674	98511789
2675	98458027
2676	98282783
2677	98175952
2678	98502004
2679	98201906
2680	98102062
2681	98311722
2682	98281551
2683	98162823
2684	98268352
2685	98393857
2686	98303940
2687	98248199
2688	98067621
2689	98329466
2690	98283454
2691	98344313
2692	98150667
2693	98221957
2694	98418474
2695	98487057
2696	98233368
2697	98211000
2698	98104074
2699	98511789
2700	98458027
2701	98282783
2702	98175952
2703	98502004
2704	98201906
2705	98102062
2706	98311722
2707	98281551
2708	98162823
2709	98268352
2710	98393857
2711	98303940
2712	98248199
2713	98067621
2714	98329466
2715	98283454
2716	98344313
2717	98150667
2718	98221957
2719	98418474
2720	98487057
2721	98233368
2722	98211000
2723	98104074
2724	98511789
2725	98458027
2726	98282783
2727	98175952
2728	98502004
2729	98201906
2730	98102062
2731	98311722
2732	98281551
2733	98162823
2734	98268352
2735	98393857
2736	98303940
2737	98248199
2738	98067621
2739	98329466
2740	98283454
2741	98344313
2742	98150667
2743	98221957
2744	98418474
2745	98487057
2746	98233368
2747	98211000
2748	98104074
2749	98511789
2750	98458027
2751	98282783
2752	98175952
2753	98502004
2754	98201906
2755	98102062
2756	98311722
2757	98281551
2758	98162823
2759	98268352
2760	98393857
2761	98303940
2762	98248199
2763	98067621
2764	98329466
2765	98283454
2766	98344313
2767	98150667
2768	98221957
2769	98418474
2770	98487057
2771	98233368
2772	98211000
2773	98104074
2774	98511789
2775	98458027
2776	98282783
2777	98175952
2778	98502004
2779	98201906
2780	98102062
2781	98311722
2782	98281551
2783	98162823
2784	98268352
2785	98393857
2786	98303940
2787	98248199
2788	98067621
2789	98329466
2790	98283454
2791	98344313
2792	98150667
2793	98221957
2794	98418474
2795	98487057
2796	98233368
2797	98211000
2798	98104074
2799	98511789
2800	98458027
2801	98282783
2802	98175952
2803	98502004
2804	98201906
2805	98102062
2806	98311722
2807	98281551
2808	98162823
2809	98268352
2810	98393857
2811	98303940
2812	98248199
2813	98067621
2814	98329466
2815	98283454
2816	98344313
2817	98150667
2818	98221957
2819	98418474
2820	98487057
2821	98233368
2822	98211000
2823	98104074
2824	98511789
2825	98458027
2826	98282783
2827	98175952
2828	98502004
2829	98201906
2830	98102062
2831	98311722
2832	98281551
2833	98162823
2834	98268352
2835	98393857
2836	98303940
2837	98248199
2838	98067621
2839	98329466
2840	98283454
2841	98344313
2842	98150667
2843	98221957
2844	98418474
2845	98487057
2846	98233368
2847	98211000
2848	98104074
2849	98511789
2850	98458027
2851	98282783
2852	98175952
2853	98502004
2854	98201906
2855	98102062
2856	98311722
2857	98281551
2858	98162823
2859	98268352
2860	98393857
2861	98303940
2862	98248199
2863	98067621
2864	98329466
2865	98283454
2866	98344313
2867	98150667
2868	98221957
2869	98418474
2870	98487057
2871	98233368
2872	98211000
2873	98104074
2874	98511789
2875	98458027
2876	98282783
2877	98175952
2878	98502004
2879	98201906
2880	98102062
2881	98311722
2882	98281551
2883	98162823
2884	98268352
2885	98393857
2886	98303940
2887	98248199
2888	98067621
2889	98329466
2890	98283454
2891	98344313
2892	98150667
2893	98221957
2894	98418474
2895	98487057
2896	98233368
2897	98211000
2898	98104074
2899	98511789
2900	98458027
2901	98282783
2902	98175952
2903	98502004
2904	98201906
2905	98102062
2906	98311722
2907	98281551
2908	98162823
2909	98268352
2910	98393857
2911	98303940
2912	98248199
2913	98067621
2914	98329466
2915	98283454
2916	98344313
2917	98150667
2918	98221957
2919	98418474
2920	98487057
2921	98233368
2922	98211000
2923	98104074
2924	98511789
2925	98458027
2926	98282783
2927	98175952
2928	98502004
2929	98201906
2930	98102062
2931	98311722
2932	98281551
2933	98162823
2934	98268352
2935	98393857
2936	98303940
2937	98248199
2938	98067621
2939	98329466
2940	98283454
2941	98344313
2942	98150667
2943	98221957
2944	98418474
2945	98487057
2946	98233368
2947	98211000
2948	98104074
2949	98511789
2950	98458027
2951	98282783
2952	98175952
2953	98502004
2954	98201906
2955	98102062
2956	98311722
2957	98281551
2958	98162823
2959	98268352
2960	98393857
2961	98303940
2962	98248199
2963	98067621
2964	98329466
2965	98283454
2966	98344313
2967	98150667
2968	98221957
2969	98418474
2970	98487057
2971	98233368
2972	98211000
2973	98104074
2974	98511789
2975	98458027
2976	98282783
2977	98175952
2978	98502004
2979	98201906
2980	98102062
2981	98311722
2982	98281551
2983	98162823
2984	98268352
2985	98393857
2986	98303940
2987	98248199
2988	98067621
2989	98329466
2990	98283454
2991	98344313
2992	98150667
2993	98221957
2994	98418474
2995	98487057
2996	98233368
2997	98211000
2998	98104074
2999	98511789
3000	98458027
3001	98282783
3002	98175952
3003	98502004
3004	98201906
3005	98102062
3006	98311722
3007	98281551
3008	98162823
3009	98268352
3010	98393857
3011	98303940
3012	98248199
3013	98067621
3014	98329466
3015	98283454
3016	98344313
3017	98150667
3018	98221957
3019	98418474
3020	98487057
3021	98233368
3022	98211000
3023	98104074
3024	98511789
3025	98458027
3026	98282783
3027	98175952
3028	98502004
3029	98201906
3030	98102062
3031	98311722
3032	98281551
3033	98162823
3034	98268352
3035	98393857
3036	98303940
3037	98248199
3038	98067621
3039	98329466
3040	98283454
3041	98344313
3042	98150667
3043	98221957
3044	98418474
3045	98487057
3046	98233368
3047	98211000
3048	98104074
3049	98511789
3050	98458027
3051	98282783
3052	98175952
3053	98502004
3054	98201906
3055	98102062
3056	98311722
3057	98281551
3058	98162823
3059	98268352
3060	98393857
3061	98303940
3062	98248199
3063	98067621
3064	98329466
3065	98283454
3066	98344313
3067	98150667
3068	98221957
3069	98418474
3070	98487057
3071	98233368
3072	98211000
3073	98104074
3074	98511789
3075	98458027
3076	98282783
3077	98175952
3078	98502004
3079	98201906
3080	98102062
3081	98311722
3082	98281551
3083	98162823
3084	98268352
3085	98393857
3086	98303940
3087	98248199
3088	98067621
3089	98329466
3090	98283454
3091	98344313
3092	98150667
3093	98221957
3094	98418474
3095	98487057
3096	98233368
3097	98211000
3098	98104074
3099	98511789
3100	98458027
3101	98282783
3102	98175952
3103	98502004
3104	98201906
3105	98102062
3106	98311722
3107	98281551
3108	98162823
3109	98268352
3110	98393857
3111	98303940
3112	98248199
3113	98067621
3114	98329466
3115	98283454
3116	98344313
3117	98150667
3118	98221957
3119	98418474
3120	98487057
3121	98233368
3122	98211000
3123	98104074
3124	98511789
3125	98458027
3126	98282783
3127	98175952
3128	98502004
3129	98201906
3130	98102062
3131	98311722
3132	98281551
3133	98162823
3134	98268352
3135	98393857
3136	98303940
3137	98248199
3138	98067621
3139	98329466
3140	98283454
3141	98344313
3142	98150667
3143	98221957
3144	98418474
3145	98487057
3146	98233368
3147	98211000
3148	98104074
3149	98511789
3150	98458027
3151	98282783
3152	98175952
3153	98502004
3154	98201906
3155	98102062
3156	98311722
3157	98281551
3158	98162823
3159	98268352
3160	98393857
3161	98303940
3162	98248199
3163	98067621
3164	98329466
3165	98283454
3166	98344313
3167	98150667
3168	98221957
3169	98418474
3170	98487057
3171	98233368
3172	98211000
3173	98104074
3174	98511789
3175	98458027
3176	98282783
3177	98175952
3178	98502004
3179	98201906
3180	98102062
3181	98311722
3182	98281551
3183	98162823
3184	98268352
3185	98393857
3186	98303940
3187	98248199
3188	98067621
3189	98329466
3190	98283454
3191	98344313
3192	98150667
3193	98221957
3194	98418474
3195	98487057
3196	98233368
3197	98211000
3198	98104074
3199	98511789
3200	98458027
3201	98282783
3202	98175952
3203	98502004
3204	98201906
3205	98102062
3206	98311722
3207	98281551
3208	98162823
3209	98268352
3210	98393857
3211	98303940
3212	98248199
3213	98067621
3214	98329466
3215	98283454
3216	98344313
3217	98150667
3218	98221957
3219	98418474
3220	98487057
3221	98233368
3222	98211000
3223	98104074
3224	98511789
3225	98458027
3226	98282783
3227	98175952
3228	98502004
3229	98201906
3230	98102062
3231	98311722
3232	98281551
3233	98162823
3234	98268352
3235	98393857
3236	98303940
3237	98248199
3238	98067621
3239	98329466
3240	98283454
3241	98344313
3242	98150667
3243	98221957
3244	98418474
3245	98487057
3246	98233368
3247	98211000
3248	98104074
3249	98511789
3250	98458027
3251	98282783
3252	98175952
3253	98502004
3254	98201906
3255	98102062
3256	98311722
3257	98281551
3258	98162823
3259	98268352
3260	98393857
3261	98303940
3262	98248199
3263	98067621
3264	98329466
3265	98283454
3266	98344313
3267	98150667
3268	98221957
3269	98418474
3270	98487057
3271	98233368
3272	98211000
3273	98104074
3274	98511789
3275	98458027
3276	98282783
3277	98175952
3278	98502004
3279	98201906
3280	98102062
3281	98311722
3282	98281551
3283	98162823
3284	98268352
3285	98393857
3286	98303940
3287	98248199
3288	98067621
3289	98329466
3290	98283454
3291	98344313
3292	98150667
3293	98221957
3294	98418474
3295	98487057
3296	98233368
3297	98211000
3298	98104074
3299	98511789
3300	98458027
3301	98282783
3302	98175952
3303	98502004
3304	98201906
3305	98102062
3306	98311722
3307	98281551
3308	98162823
3309	98268352
3310	98393857
3311	98303940
3312	98248199
3313	98067621
3314	98329466
3315	98283454
3316	98344313
3317	98150667
3318	98221957
3319	98418474
3320	98487057
3321	98233368
3322	98211000
3323	98104074
3324	98511789
3325	98458027
3326	98282783
3327	98175952
3328	98502004
3329	98201906
3330	98102062
3331	98311722
3332	98281551
3333	98162823
3334	98268352
3335	98393857
3336	98303940
3337	98248199
3338	98067621
3339	98329466
3340	98283454
3341	98344313
3342	98150667
3343	98221957
3344	98418474
3345	98487057
3346	98233368
3347	98211000
3348	98104074
3349	98511789
3350	98458027
3351	98282783
3352	98175952
3353	98502004
3354	98201906
3355	98102062
3356	98311722
3357	98281551
3358	98162823
3359	98268352
3360	98393857
3361	98303940
3362	98248199
3363	98067621
3364	98329466
3365	98283454
3366	98344313
3367	98150667
3368	98221957
3369	98418474
3370	98487057
3371	98233368
3372	98211000
3373	98104074
3374	98511789
3375	98458027
3376	98282783
3377	98175952
3378	98502004
3379	98201906
3380	98102062
3381	98311722
3382	98281551
3383	98162823
3384	98268352
3385	98393857
3386	98303940
3387	98248199
3388	98067621
3389	98329466
3390	98283454
3391	98344313
3392	98150667
3393	98221957
3394	98418474
3395	98487057
3396	98233368
3397	98211000
3398	98104074
3399	98511789
3400	98458027
3401	98282783
3402	98175952
3403	98502004
3404	98201906
3405	98102062
3406	98311722
3407	98281551
3408	98162823
3409	98268352
3410	98393857
3411	98303940
3412	98248199
3413	98067621
3414	98329466
3415	98283454
3416	98344313
3417	98150667
3418	98221957
3419	98418474
3420	98487057
3421	98233368
3422	98211000
3423	98104074
3424	98511789
3425	98458027
3426	98282783
3427	98175952
3428	98502004
3429	98201906
3430	98102062
3431	98311722
3432	98281551
3433	98162823
3434	98268352
3435	98393857
3436	98303940
3437	98248199
3438	98067621
3439	98329466
3440	98283454
3441	98344313
3442	98150667
3443	98221957
3444	98418474
3445	98487057
3446	98233368
3447	98211000
3448	98104074
3449	98511789
3450	98458027
3451	98282783
3452	98175952
3453	98502004
3454	98201906
3455	98102062
3456	98311722
3457	98281551
3458	98162823
3459	98268352
3460	98393857
3461	98303940
3462	98248199
3463	98067621
3464	98329466
3465	98283454
3466	98344313
3467	98150667
3468	98221957
3469	98418474
3470	98487057
3471	98233368
3472	98211000
3473	98104074
3474	98511789
3475	98458027
3476	98282783
3477	98175952
3478	98502004
3479	98201906
3480	98102062
3481	98311722
3482	98281551
3483	98162823
3484	98268352
3485	98393857
3486	98303940
3487	98248199
3488	98067621
3489	98329466
3490	98283454
3491	98344313
3492	98150667
3493	98221957
3494	98418474
3495	98487057
3496	98233368
3497	98211000
3498	98104074
3499	98511789
3500	98458027
3501	98282783
3502	98175952
3503	98502004
3504	98201906
3505	98102062
3506	98311722
3507	98281551
3508	98162823
3509	98268352
3510	98393857
3511	98303940
3512	98248199
3513	98067621
3514	98329466
3515	98283454
3516	98344313
3517	98150667
3518	98221957
3519	98418474
3520	98487057
3521	98233368
3522	98211000
3523	98104074
3524	98511789
3525	98458027
3526	98282783
3527	98175952
3528	98502004
3529	98201906
3530	98102062
3531	98311722
3532	98281551
3533	98162823
3534	98268352
3535	98393857
3536	98303940
3537	98248199
3538	98067621
3539	98329466
3540	98283454
3541	98344313
3542	98150667
3543	98221957
3544	98418474
3545	98487057
3546	98233368
3547	98211000
3548	98104074
3549	98511789
3550	98458027
3551	98282783
3552	98175952
3553	98502004
3554	98201906
3555	98102062
3556	98311722
3557	98281551
3558	98162823
3559	98268352
3560	98393857
3561	98303940
3562	98248199
3563	98067621
3564	98329466
3565	98283454
3566	98344313
3567	98150667
3568	98221957
3569	98418474
3570	98487057
3571	98233368
3572	98211000
3573	98104074
3574	98511789
3575	98458027
3576	98282783
3577	98175952
3578	98502004
3579	98201906
3580	98102062
3581	98311722
3582	98281551
3583	98162823
3584	98268352
3585	98393857
3586	98303940
3587	98248199
3588	98067621
3589	98329466
3590	98283454
3591	98344313
3592	98150667
3593	98221957
3594	98418474
3595	98487057
3596	98233368
3597	98211000
3598	98104074
3599	98511789
3600	98458027
3601	98282783
3602	98175952
3603	98502004
3604	98201906
3605	98102062
3606	98311722
3607	98281551
3608	98162823
3609	98268352
3610	98393857
3611	98303940
3612	98248199
3613	98067621
3614	98329466
3615	98283454
3616	98344313
3617	98150667
3618	98221957
3619	98418474
3620	98487057
3621	98233368
3622	98211000
3623	98104074
3624	98511789
3625	98458027
3626	98282783
3627	98175952
3628	98502004
3629	98201906
3630	98102062
3631	98311722
3632	98281551
3633	98162823
3634	98268352
3635	98393857
3636	98303940
3637	98248199
3638	98067621
3639	98329466
3640	98283454
3641	98344313
3642	98150667
3643	98221957
3644	98418474
3645	98487057
3646	98233368
3647	98211000
3648	98104074
3649	98511789
3650	98458027
3651	98282783
3652	98175952
3653	98502004
3654	98201906
3655	98102062
3656	98311722
3657	98281551
3658	98162823
3659	98268352
3660	98393857
3661	98303940
3662	98248199
3663	98067621
3664	98329466
3665	98283454
3666	98344313
3667	98150667
3668	98221957
3669	98418474
3670	98487057
3671	98233368
3672	98211000
3673	98104074
3674	98511789
3675	98458027
3676	98282783
3677	98175952
3678	98502004
3679	98201906
3680	98102062
3681	98311722
3682	98281551
3683	98162823
3684	98268352
3685	98393857
3686	98303940
3687	98248199
3688	98067621
3689	98329466
3690	98283454
3691	98344313
3692	98150667
3693	98221957
3694	98418474
3695	98487057
3696	98233368
3697	98211000
3698	98104074
3699	98511789
3700	98458027
3701	98282783
3702	98175952
3703	98502004
3704	98201906
3705	98102062
3706	98311722
3707	98281551
3708	98162823
3709	98268352
3710	98393857
3711	98303940
3712	98248199
3713	98067621
3714	98329466
3715	98283454
3716	98344313
3717	98150667
3718	98221957
3719	98418474
3720	98487057
3721	98233368
3722	98211000
3723	98104074
3724	98511789
3725	98458027
3726	98282783
3727	98175952
3728	98502004
3729	98201906
3730	98102062
3731	98311722
3732	98281551
3733	98162823
3734	98268352
3735	98393857
3736	98303940
3737	98248199
3738	98067621
3739	98329466
3740	98283454
3741	98344313
3742	98150667
3743	98221957
3744	98418474
3745	98487057
3746	98233368
3747	98211000
3748	98104074
3749	98511789
3750	98458027
3751	98282783
3752	98175952
3753	98502004
3754	98201906
3755	98102062
3756	98311722
3757	98281551
3758	98162823
3759	98268352
3760	98393857
3761	98303940
3762	98248199
3763	98067621
3764	98329466
3765	98283454
3766	98344313
3767	98150667
3768	98221957
3769	98418474
3770	98487057
3771	98233368
3772	98211000
3773	98104074
3774	98511789
3775	98458027
3776	98282783
3777	98175952
3778	98502004
3779	98201906
3780	98102062
3781	98311722
3782	98281551
3783	98162823
3784	98268352
3785	98393857
3786	98303940
3787	98248199
3788	98067621
3789	98329466
3790	98283454
3791	98344313
3792	98150667
3793	98221957
3794	98418474
3795	98487057
3796	98233368
3797	98211000
3798	98104074
3799	98511789
3800	98458027
3801	98282783
3802	98175952
3803	98502004
3804	98201906
3805	98102062
3806	98311722
3807	98281551
3808	98162823
3809	98268352
3810	98393857
3811	98303940
3812	98248199
3813	98067621
3814	98329466
3815	98283454
3816	98344313
3817	98150667
3818	98221957
3819	98418474
3820	98487057
3821	98233368
3822	98211000
3823	98104074
3824	98511789
3825	98458027
3826	98282783
3827	98175952
3828	98502004
3829	98201906
3830	98102062
3831	98311722
3832	98281551
3833	98162823
3834	98268352
3835	98393857
3836	98303940
3837	98248199
3838	98067621
3839	98329466
3840	98283454
3841	98344313
3842	98150667
3843	98221957
3844	98418474
3845	98487057
3846	98233368
3847	98211000
3848	98104074
3849	98511789
3850	98458027
3851	98282783
3852	98175952
3853	98502004
3854	98201906
3855	98102062
3856	98311722
3857	98281551
3858	98162823
3859	98268352
3860	98393857
3861	98303940
3862	98248199
3863	98067621
3864	98329466
3865	98283454
3866	98344313
3867	98150667
3868	98221957
3869	98418474
3870	98487057
3871	98233368
3872	98211000
3873	98104074
3874	98511789
3875	98458027
3876	98282783
3877	98175952
3878	98502004
3879	98201906
3880	98102062
3881	98311722
3882	98281551
3883	98162823
3884	98268352
3885	98393857
3886	98303940
3887	98248199
3888	98067621
3889	98329466
3890	98283454
3891	98344313
3892	98150667
3893	98221957
3894	98418474
3895	98487057
3896	98233368
3897	98211000
3898	98104074
3899	98511789
3900	98458027
3901	98282783
3902	98175952
3903	98502004
3904	98201906
3905	98102062
3906	98311722
3907	98281551
3908	98162823
3909	98268352
3910	98393857
3911	98303940
3912	98248199
3913	98067621
3914	98329466
3915	98283454
3916	98344313
3917	98150667
3918	98221957
3919	98418474
3920	98487057
3921	98233368
3922	98211000
3923	98104074
3924	98511789
3925	98458027
3926	98282783
3927	98175952
3928	98502004
3929	98201906
3930	98102062
3931	98311722
3932	98281551
3933	98162823
3934	98268352
3935	98393857
3936	98303940
3937	98248199
3938	98067621
3939	98329466
3940	98283454
3941	98344313
3942	98150667
3943	98221957
3944	98418474
3945	98487057
3946	98233368
3947	98211000
3948	98104074
3949	98511789
3950	98458027
3951	98282783
3952	98175952
3953	98502004
3954	98201906
3955	98102062
3956	98311722
3957	98281551
3958	98162823
3959	98268352
3960	98393857
3961	98303940
3962	98248199
3963	98067621
3964	98329466
3965	98283454
3966	98344313
3967	98150667
3968	98221957
3969	98418474
3970	98487057
3971	98233368
3972	98211000
3973	98104074
3974	98511789
3975	98458027
3976	98282783
3977	98175952
3978	98502004
3979	98201906
3980	98102062
3981	98311722
3982	98281551
3983	98162823
3984	98268352
3985	98393857
3986	98303940
3987	98248199
3988	98067621
3989	98329466
3990	98283454
3991	98344313
3992	98150667
3993	98221957
3994	98418474
3995	98487057
3996	98233368
3997	98211000
3998	98104074
3999	98511789
4000	98458027
4001	98282783
4002	98175952
4003	98502004
4004	98201906
4005	98102062
4006	98311722
4007	98281551
4008	98162823
4009	98268352
4010	98393857
4011	98303940
4012	98248199
4013	98067621
4014	98329466
4015	98283454
4016	98344313
4017	98150667
4018	98221957
4019	98418474
4020	98487057
4021	98233368
4022	98211000
4023	98104074
4024	98511789
4025	98458027
4026	98282783
4027	98175952
4028	98502004
4029	98201906
4030	98102062
4031	98311722
4032	98281551
4033	98162823
4034	98268352
4035	98393857
4036	98303940
4037	98248199
4038	98067621
4039	98329466
4040	98283454
4041	98344313
4042	98150667
4043	98221957
4044	98418474
4045	98487057
4046	98233368
4047	98211000
4048	98104074
4049	98511789
4050	98458027
4051	98282783
4052	98175952
4053	98502004
4054	98201906
4055	98102062
4056	98311722
4057	98281551
4058	98162823
4059	98268352
4060	98393857
4061	98303940
4062	98248199
4063	98067621
4064	98329466
4065	98283454
4066	98344313
4067	98150667
4068	98221957
4069	98418474
4070	98487057
4071	98233368
4072	98211000
4073	98104074
4074	98511789
4075	98458027
4076	98282783
4077	98175952
4078	98502004
4079	98201906
4080	98102062
4081	98311722
4082	98281551
4083	98162823
4084	98268352
4085	98393857
4086	98303940
4087	98248199
4088	98067621
4089	98329466
4090	98283454
4091	98344313
4092	98150667
4093	98221957
4094	98418474
4095	98487057
