0	-2765
1	4822
2	9234
3	-4180
4	3211
5	3519
6	-1591
7	7834
8	5723
9	-8231
10	-7601
11	-1361
12	-4299
13	-1614
14	-4683
15	-7449
16	1891
17	3031
18	-9318
19	-8227
20	-207
21	-8229
22	-4527
23	6719
24	9064
25	2632
26	-6867
27	-6479
28	-2309
29	2449
30	2059
31	-1905
32	-4370
33	-2633
34	-1829
35	1722
36	4507
37	-5561
38	-3420
39	2869
40	7564
41	11148
42	-1399
43	-1627
44	8461
45	8160
46	2721
47	1498
48	984
49	-4218
50	-2296
51	-3584
52	-5818
53	164
54	-398
55	-5860
56	-8727
57	-3152
58	519
59	-1203
60	3141
61	4019
62	-2975
63	-4588
64	4543
65	275
66	-9498
67	-5299
68	-399
69	1175
70	-7964
71	-6537
72	2610
73	-81
74	7312
75	7312
76	-2102
77	-2610
78	-3744
79	-360
80	-3442
81	-8885
82	-97
83	-1492
84	-2462
85	7592
86	4850
87	-1011
88	3079
89	5789
90	5054
91	5513
92	-3530
93	-6416
94	1270
95	-3663
96	-5083
97	1915
98	1655
99	-707
100	-3040
101	-5931
102	-44
103	2886
104	-3992
105	-1167
106	2637
107	403
108	-1289
109	-4267
110	-2943
111	-602
112	-259
113	-4615
114	-7081
115	-1014
116	-4429
117	-1642
118	4519
119	-3614
120	-202
121	-1147
122	-6009
123	-2041
124	-4804
125	-2714
126	2560
127	971
128	-755
129	6678
130	5791
131	4
132	2424
133	-74
134	7440
135	5865
136	-5419
137	-1039
138	-2267
139	4355
140	747
141	-10314
142	4935
143	5492
144	1600
145	3905
146	5047
147	7514
148	-4677
149	-2923
150	435
151	-12311
152	-3866
153	8034
154	4289
155	3371
156	-6431
157	-10151
158	2401
159	812
160	1814
161	7348
162	120
163	-5970
164	-2432
165	8125
166	9513
167	3700
168	-1001
169	-1877
170	2625
171	3050
172	-1898
173	-6438
174	-4024
175	-749
176	-2363
177	-6003
178	-9921
179	-3075
180	4876
181	3271
182	7985
183	6468
184	-2930
185	680
186	558
187	-6390
188	437
189	3158
190	-1340
191	2644
192	-4192
193	-8812
194	4324
195	4710
196	-7178
197	-2021
198	3539
199	-6511
200	-4069
201	7219
202	8305
203	981
204	-7033
205	-6686
206	-56
207	1233
208	-2598
209	-2905
210	1627
211	5692
212	-3153
213	-764
214	7200
215	-5046
216	-4435
217	4343
218	4980
219	1854
220	1841
221	3556
222	5367
223	7261
224	-488
225	4841
226	6776
227	-4343
228	-6149
229	-5535
230	-5559
231	-5749
232	-1852
233	338
234	-151
235	-3656
236	-3690
237	4907
238	1489
239	-6115
240	-1229
241	3743
242	646
243	2452
244	4150
245	443
246	5313
247	-326
248	-6675
249	4878
250	2219
251	5767
252	15283
253	988
254	-390
255	217
256	-7363
257	-500
258	13
259	2599
260	8803
261	897
262	-1838
263	-3353
264	-8593
265	-892
266	-2476
267	-6039
268	2539
269	-3343
270	-817
271	6672
272	-3885
273	-3562
274	552
275	-962
276	833
277	-4183
278	-3948
279	5033
280	3356
281	-3561
282	-1469
283	1402
284	1505
285	4012
286	202
287	-3310
288	-2742
289	-4308
290	202
291	6838
292	5736
293	-3259
294	-4951
295	5348
296	5321
297	2829
298	9460
299	-914
300	-13466
301	1587
302	4878
303	-5653
304	3937
305	5013
306	-1162
307	-942
308	-11782
309	-5117
310	15304
311	4224
312	-8464
313	-3227
314	-329
315	2211
316	-5755
317	-7128
318	3602
319	2687
320	-1672
321	651
322	4988
323	-821
324	2646
325	10653
326	-1288
327	-1716
328	6459
329	-522
330	2435
331	5347
332	-3834
333	4204
334	3641
335	-3581
336	3011
337	1156
338	209
339	-4107
340	2
341	8757
342	2154
343	755
344	-12
345	6702
346	5507
347	-4354
348	-417
349	-941
350	8209
351	8023
352	-6088
353	-4108
354	-8958
355	-6894
356	-131
357	-4431
358	1536
359	-2985
360	-11274
361	-1807
362	1416
363	-5541
364	-7752
365	-2316
366	2957
367	-1054
368	-6062
369	-4088
370	-11215
371	-8041
372	11143
373	4273
374	-8208
375	2950
376	5475
377	-5703
378	-1053
379	5513
380	922
381	-3084
382	-582
383	8834
384	6590
385	-5468
386	-5377
387	-2474
388	-5350
389	-1656
390	1934
391	-1256
392	1191
393	4946
394	3404
395	1031
396	-1483
397	1113
398	2584
399	857
400	1724
401	1834
402	2083
403	-1837
404	-6438
405	-1900
406	5624
407	449
408	-3065
409	2579
410	-5453
411	-4301
412	6601
413	3507
414	-799
415	-2651
416	2489
417	-81
418	-3505
419	8431
420	2188
421	-6086
422	2329
423	3318
424	594
425	1391
426	128
427	-7188
428	-6180
429	-2296
430	-4968
431	-4719
432	-8756
433	1772
434	16236
435	8239
436	-3146
437	-4379
438	6803
439	8907
440	-1802
441	-3759
442	3144
443	4845
444	1411
445	1096
446	-4395
447	-2336
448	-1800
449	-8952
450	4154
451	8570
452	3859
453	5773
454	-4191
455	-5281
456	1689
457	-2527
458	-3738
459	4644
460	6712
461	1389
462	1903
463	2237
464	-849
465	-265
466	-1099
467	-961
468	-2605
469	-5319
470	-4620
471	-8407
472	723
473	4447
474	-6665
475	2584
476	3275
477	-2525
478	10628
479	4600
480	-12637
481	-6413
482	2359
483	-3125
484	-3912
485	-3923
486	-5115
487	-4393
488	-9698
489	-7888
490	-6776
491	-6143
492	-1854
493	-10454
494	-14044
495	-5817
496	-1739
497	3970
498	3261
499	3702
500	12666
501	-1363
502	-7386
503	4977
504	-3228
505	-7969
506	-4016
507	-1020
508	4494
509	-1251
510	-7180
511	-4044
512	282
513	6680
514	3481
515	-1744
516	8278
517	1440
518	-9255
519	2135
520	3513
521	1958
522	4412
523	4042
524	-2141
525	-10791
526	-3564
527	-3170
528	-4072
529	4354
530	248
531	-4055
532	-3439
533	-2520
534	-5937
535	-7956
536	-4284
537	-2558
538	1727
539	-2685
540	-4468
541	4140
542	7514
543	2499
544	-1496
545	4606
546	1651
547	3131
548	9177
549	1172
550	-3856
551	346
552	4943
553	-1373
554	-1830
555	534
556	-49
557	3311
558	-7222
559	-7067
560	2602
561	-7146
562	-7382
563	2108
564	3581
565	10076
566	6506
567	-439
568	3927
569	-6846
570	-9709
571	1577
572	1748
573	4253
574	-89
575	-533
576	7650
577	-5271
578	-11524
579	-88
580	865
581	-3166
582	-5475
583	-5185
584	-1433
585	617
586	1223
587	-4387
588	-4533
589	3706
590	-2708
591	-4179
592	7423
593	4845
594	-6168
595	-5025
596	4715
597	855
598	-5662
599	-1122
600	2353
601	4294
602	1957
603	-1945
604	-2949
605	-1237
606	-6057
607	-12280
608	2557
609	7576
610	3742
611	10060
612	7008
613	6527
614	3006
615	2971
616	8508
617	-696
618	-5336
619	1845
620	4107
621	-3468
622	-4802
623	-4835
624	-3169
625	-3235
626	-11091
627	-2308
628	7631
629	2956
630	-3942
631	-3893
632	-3994
633	-5358
634	585
635	1329
636	-2728
637	-3601
638	948
639	-2143
640	-6205
641	3983
642	3028
643	-516
644	1807
645	3460
646	9062
647	5980
648	4057
649	8581
650	7051
651	-3566
652	-8322
653	1848
654	7726
655	4322
656	-986
657	-594
658	3292
659	-5295
660	-10412
661	1210
662	-4121
663	-7691
664	3732
665	376
666	6122
667	2338
668	-1529
669	7407
670	-9958
671	-9101
672	-708
673	-11105
674	-3190
675	3733
676	3929
677	7772
678	-5209
679	-10256
680	1609
681	1414
682	722
683	1628
684	2045
685	843
686	-1039
687	4919
688	4702
689	3591
690	4125
691	1672
692	2685
693	-1338
694	-5221
695	-2094
696	-2065
697	-121
698	2173
699	-2482
700	-2740
701	5420
702	5041
703	-3690
704	972
705	10858
706	9810
707	1714
708	-1111
709	865
710	-384
711	2073
712	-785
713	-3557
714	4714
715	522
716	-3975
717	5184
718	5312
719	-3574
720	-6422
721	3513
722	6651
723	-306
724	2369
725	3534
726	3145
727	-1537
728	-6010
729	2161
730	918
731	520
732	8421
733	4900
734	-5079
735	1208
736	12824
737	962
738	-1902
739	5384
740	1207
741	4623
742	2005
743	-4514
744	-1820
745	-4599
746	904
747	5412
748	-5036
749	-3171
750	-4601
751	-8497
752	1034
753	2595
754	-5658
755	-11202
756	-12447
757	-13086
758	-852
759	855
760	-9662
761	-5521
762	-4678
763	-2772
764	1887
765	1976
766	-5382
767	-7096
768	10024
769	6232
770	-7311
771	-6382
772	-6479
773	-1231
774	-1240
775	-2266
776	-2378
777	-7188
778	-5355
779	-3203
780	-1478
781	-1551
782	938
783	2699
784	-6107
785	-3485
786	4930
787	-3490
788	-4324
789	3229
790	2009
791	2648
792	3173
793	-2481
794	-2051
795	3823
796	3935
797	5894
798	834
799	1935
800	15349
801	4116
802	-6337
803	-492
804	-8391
805	-5738
806	7394
807	-4105
808	-4502
809	8623
810	1295
811	408
812	2173
813	2435
814	8437
815	7786
816	4855
817	509
818	3758
819	4622
820	7122
821	9136
822	7472
823	12152
824	-1265
825	-3539
826	4157
827	-7442
828	-5451
829	286
830	-8743
831	-5734
832	2352
833	907
834	2703
835	-2120
836	-6173
837	853
838	1096
839	267
840	1159
841	-1702
842	-177
843	-3434
844	-6633
845	4639
846	8370
847	-959
848	-4317
849	3021
850	2091
851	-175
852	7248
853	5165
854	10524
855	11570
856	-6234
857	-4608
858	12143
859	6263
860	-14014
861	-4669
862	4356
863	-7587
864	3413
865	9397
866	-865
867	105
868	-198
869	1367
870	2605
871	-3070
872	2167
873	-511
874	-12383
875	728
876	2259
877	-7640
878	3048
879	466
880	-2330
881	6390
882	1580
883	-5600
884	-1137
885	2018
886	1571
887	7114
888	156
889	-2699
890	5290
891	-3589
892	-6487
893	-2173
894	-7530
895	-5467
896	-3205
897	-1041
898	2475
899	-7741
900	-8165
901	-881
902	-3116
903	-10795
904	-9206
905	-3227
906	-12672
907	-1521
908	11900
909	5836
910	6234
911	2307
912	-154
913	3475
914	8805
915	5603
916	4998
917	8364
918	-5260
919	-6023
920	1343
921	-1756
922	2949
923	171
924	-2451
925	6901
926	-2866
927	-6306
928	-373
929	-4908
930	5509
931	7738
932	-744
933	3758
934	1693
935	-4851
936	681
937	1278
938	1063
939	7274
940	-1370
941	-3380
942	4198
943	747
944	4066
945	6687
946	-1125
947	3790
948	10655
949	-2434
950	-8660
951	-783
952	-1360
953	-451
954	1359
955	2176
956	7746
957	-2810
958	-6689
959	1086
960	-13884
961	-10575
962	9804
963	2921
964	536
965	121
966	-8819
967	-2066
968	650
969	-4116
970	-8803
971	-5931
972	3931
973	2713
974	4272
975	1571
976	-1500
977	5937
978	-3767
979	-10499
980	807
981	-4581
982	-267
983	10379
984	-1531
985	4363
986	6426
987	-4817
988	-21
989	-2018
990	-531
991	11327
992	3758
993	-2515
994	5816
995	2245
996	-394
997	2854
998	-1652
999	5408
1000	8709
1001	-4043
1002	236
1003	1388
1004	-6658
1005	-1380
1006	-681
1007	-3628
1008	-6387
1009	-2731
1010	5898
1011	1122
1012	-410
1013	4324
1014	3286
1015	2146
1016	-176
1017	-4600
1018	197
1019	8654
1020	3109
1021	-2786
1022	-5156
1023	-10296
1024	-28
1025	8482
1026	16
1027	-2324
1028	-2202
1029	-4730
1030	-8914
1031	-11711
1032	-6705
1033	-9364
1034	-6889
1035	2535
1036	2123
1037	2395
1038	-3568
1039	-1368
1040	6609
1041	-448
1042	-2235
1043	-2079
1044	-1954
1045	-2662
1046	-6746
1047	-2376
1048	-265
1049	-5280
1050	-9824
1051	-7150
1052	2688
1053	6522
1054	1055
1055	-1138
1056	-717
1057	-1221
1058	2534
1059	2109
1060	2951
1061	7150
1062	1197
1063	-2859
1064	4685
1065	890
1066	-7938
1067	3291
1068	-2848
1069	-9818
1070	4043
1071	-3249
1072	-1842
1073	6066
1074	-328
1075	7225
1076	4921
1077	-9133
1078	-1938
1079	10008
1080	6969
1081	-152
1082	4243
1083	5359
1084	1432
1085	5567
1086	-535
1087	-4317
1088	130
1089	1100
1090	1640
1091	-5450
1092	-4151
1093	-3148
1094	-4635
1095	5918
1096	533
1097	64
1098	8283
1099	1984
1100	102
1101	-4232
1102	-1877
1103	1053
1104	-6268
1105	196
1106	2658
1107	2027
1108	6137
1109	-1406
1110	-4454
1111	593
1112	1240
1113	-320
1114	-6023
1115	-7084
1116	1100
1117	4053
1118	-167
1119	-6145
1120	-3584
1121	-444
1122	-675
1123	-412
1124	-8381
1125	-2985
1126	1367
1127	-98
1128	2687
1129	-6932
1130	79
1131	4885
1132	-2071
1133	6193
1134	4152
1135	-2413
1136	-2292
1137	-2607
1138	-2746
1139	-7123
1140	-5440
1141	2450
1142	1742
1143	-6128
1144	-2379
1145	6226
1146	3141
1147	3181
1148	4459
1149	269
1150	-3569
1151	729
1152	9446
1153	-42
1154	-9300
1155	-818
1156	6084
1157	-467
1158	-10979
1159	-6748
1160	376
1161	-4501
1162	-6523
1163	-787
1164	1223
1165	-2489
1166	-7968
1167	-7222
1168	-338
1169	-1806
1170	-8373
1171	-6966
1172	-2342
1173	2323
1174	-4294
1175	-8750
1176	6736
1177	5641
1178	-3174
1179	1245
1180	4654
1181	6037
1182	-254
1183	-4920
1184	-755
1185	5376
1186	6426
1187	-553
1188	-4688
1189	-4096
1190	-3689
1191	941
1192	3539
1193	3244
1194	9542
1195	5548
1196	-1740
1197	4138
1198	5682
1199	-2006
1200	-9232
1201	-2640
1202	10154
1203	6519
1204	4505
1205	7682
1206	-7173
1207	-6522
1208	9038
1209	2156
1210	2151
1211	1916
1212	-5226
1213	1858
1214	2315
1215	949
1216	-2960
1217	-3926
1218	-2757
1219	-7750
1220	-1610
1221	3834
1222	11050
1223	3412
1224	-3891
1225	11746
1226	917
1227	-8315
1228	-1661
1229	-5121
1230	-3568
1231	-6315
1232	-5092
1233	1717
1234	-4124
1235	-6230
1236	-595
1237	-6521
1238	-8488
1239	3507
1240	9544
1241	7741
1242	5523
1243	7217
1244	1586
1245	-5899
1246	-1534
1247	-1620
1248	-767
1249	2605
1250	86
1251	7264
1252	3400
1253	-3593
1254	3950
1255	-632
1256	-108
1257	-3232
1258	-3885
1259	6786
1260	-6344
1261	-2376
1262	9992
1263	2257
1264	7597
1265	8793
1266	4003
1267	9598
1268	10389
1269	3047
1270	3228
1271	6362
1272	3208
1273	-446
1274	711
1275	4656
1276	96
1277	2273
1278	9382
1279	2204
1280	1447
1281	4567
1282	658
1283	6111
1284	5630
1285	-6652
1286	-7004
1287	9442
1288	13126
1289	-6100
1290	-6735
1291	2303
1292	2367
1293	9068
1294	-228
1295	-8433
1296	2315
1297	1304
1298	1772
1299	-1699
1300	-3899
1301	4811
1302	337
1303	782
1304	-5502
1305	-10265
1306	3334
1307	-620
1308	-2960
1309	5042
1310	4294
1311	-1391
1312	-2793
1313	1513
1314	-1978
1315	3647
1316	3135
1317	-8066
1318	-2392
1319	238
1320	714
1321	-3211
1322	-4354
1323	3918
1324	-2342
1325	-2247
1326	2766
1327	-3979
1328	-2196
1329	-4004
1330	-7774
1331	-832
1332	-7320
1333	-8223
1334	7696
1335	2047
1336	-9129
1337	-2298
1338	2990
1339	2876
1340	-1492
1341	-2952
1342	-1382
1343	-5078
1344	-5742
1345	-3913
1346	1847
1347	1178
1348	-8952
1349	-2069
1350	3473
1351	-5306
1352	-246
1353	8562
1354	4234
1355	4050
1356	997
1357	-12401
1358	-3252
1359	3263
1360	-633
1361	7728
1362	3929
1363	8560
1364	8641
1365	-846
1366	4824
1367	-5933
1368	-13345
1369	336
1370	12121
1371	1438
1372	-14566
1373	2551
1374	8115
1375	1588
1376	4900
1377	-7197
1378	-7216
1379	-3489
1380	-4824
1381	1720
1382	963
1383	-1995
1384	-3646
1385	-1278
1386	-3731
1387	-11189
1388	-2986
1389	4897
1390	-4366
1391	-8814
1392	-6999
1393	-7864
1394	1541
1395	7472
1396	-3432
1397	-9947
1398	3132
1399	10271
1400	469
1401	1253
1402	297
1403	-3944
1404	1154
1405	454
1406	-1587
1407	1028
1408	619
1409	-5614
1410	2386
1411	12421
1412	4727
1413	-614
1414	284
1415	5440
1416	7433
1417	3474
1418	188
1419	3543
1420	4041
1421	512
1422	6109
1423	3628
1424	104
1425	-4799
1426	-9953
1427	1125
1428	1941
1429	-3515
1430	-326
1431	789
1432	-2465
1433	-3176
1434	-455
1435	-3198
1436	-2990
1437	-3523
1438	-8810
1439	-5599
1440	-2936
1441	-6115
1442	-1679
1443	1931
1444	-2047
1445	-5454
1446	-11932
1447	-6308
1448	5672
1449	-1634
1450	-8870
1451	2948
1452	5937
1453	-1667
1454	2762
1455	-2798
1456	-3232
1457	3563
1458	-1893
1459	4135
1460	6367
1461	5038
1462	1870
1463	-4653
1464	4501
1465	-1710
1466	-8787
1467	-82
1468	453
1469	2348
1470	1339
1471	949
1472	-1742
1473	-1218
1474	9073
1475	-321
1476	-5723
1477	4142
1478	1199
1479	-4392
1480	-240
1481	4128
1482	-1476
1483	-4015
1484	886
1485	1321
1486	-926
1487	-2076
1488	4735
1489	10662
1490	104
1491	-2273
1492	13806
1493	4927
1494	-3524
1495	12185
1496	1463
1497	-7662
1498	-7624
1499	-12893
1500	577
1501	3977
1502	-2317
1503	-4416
1504	-3082
1505	2360
1506	1333
1507	1638
1508	1117
1509	-1304
1510	-6561
1511	-8076
1512	-6002
1513	-8767
1514	-2081
1515	-2140
1516	-7732
1517	3152
1518	4050
1519	-7007
1520	-2294
1521	-3178
1522	-11190
1523	-3305
1524	3418
1525	733
1526	-3141
1527	-3133
1528	-321
1529	3314
1530	5313
1531	3149
1532	1842
1533	5489
1534	1273
1535	-4146
1536	4715
1537	6836
1538	7042
1539	4421
1540	-1872
1541	3373
1542	4133
1543	194
1544	2508
1545	904
1546	-9256
1547	-4556
1548	-4560
1549	-10440
1550	2800
1551	6996
1552	7296
1553	1918
1554	1642
1555	10911
1556	-3706
1557	-10417
1558	-3624
1559	5270
1560	8744
1561	-1241
1562	6154
1563	5753
1564	-3247
1565	3281
1566	401
1567	-28
1568	2420
1569	-4046
1570	-927
1571	4276
1572	-1363
1573	-3805
1574	2548
1575	4525
1576	6652
1577	8307
1578	7465
1579	5600
1580	-2175
1581	5225
1582	10145
1583	-6935
1584	-5415
1585	13060
1586	6643
1587	-11102
1588	-7730
1589	-3511
1590	-4318
1591	5382
1592	6038
1593	-2160
1594	-2724
1595	4354
1596	6352
1597	-6105
1598	-11707
1599	-5972
1600	-2087
1601	-952
1602	-2643
1603	-2857
1604	-271
1605	23
1606	-81
1607	1309
1608	-2663
1609	-1277
1610	1901
1611	-1004
1612	5864
1613	860
1614	-4660
1615	7739
1616	-32
1617	-6875
1618	1697
1619	4871
1620	8206
1621	5609
1622	2453
1623	5518
1624	3119
1625	-1469
1626	889
1627	-547
1628	-1700
1629	5371
1630	4599
1631	-522
1632	-3296
1633	26
1634	6931
1635	-4500
1636	-11306
1637	-103
1638	3259
1639	2495
1640	-6696
1641	-11965
1642	-4535
1643	-6650
1644	-3101
1645	25
1646	-7642
1647	-4208
1648	844
1649	1372
1650	-1097
1651	-2493
1652	6209
1653	1571
1654	-5100
1655	6765
1656	7153
1657	-188
1658	-5037
1659	-10817
1660	-4846
1661	573
1662	2973
1663	7936
1664	4480
1665	-1858
1666	263
1667	205
1668	-4953
1669	2999
1670	4761
1671	-265
1672	339
1673	-7536
1674	-2270
1675	-750
1676	-6984
1677	-2417
1678	-7661
1679	413
1680	3433
1681	-2290
1682	13111
1683	8042
1684	-4241
1685	-5164
1686	-8053
1687	-240
1688	277
1689	-5092
1690	3532
1691	7583
1692	-5472
1693	-8456
1694	3285
1695	2431
1696	-1048
1697	230
1698	7399
1699	17021
1700	-901
1701	-14808
1702	285
1703	5229
1704	-297
1705	-963
1706	2216
1707	-4867
1708	-7023
1709	9697
1710	5248
1711	-4689
1712	-2561
1713	-1778
1714	-1267
1715	-2612
1716	-810
1717	-4760
1718	-3504
1719	-395
1720	-239
1721	4785
1722	-3589
1723	-7690
1724	-2296
1725	4624
1726	11726
1727	3074
1728	-1609
1729	-175
1730	-3824
1731	-3100
1732	-4017
1733	1075
1734	1359
1735	-10257
1736	-1254
1737	3912
1738	-5843
1739	-2603
1740	-3877
1741	-205
1742	7836
1743	2593
1744	5707
1745	2778
1746	-7104
1747	-3572
1748	-434
1749	-1233
1750	-9437
1751	-7444
1752	-12
1753	-4699
1754	6743
1755	6892
1756	-4186
1757	-1189
1758	2165
1759	1489
1760	-15399
1761	-4493
1762	10718
1763	544
1764	11485
1765	4320
1766	-4447
1767	973
1768	-4489
1769	-2456
1770	-4761
1771	-1788
1772	-3889
1773	-8647
1774	1136
1775	-544
1776	-6272
1777	-5088
1778	1673
1779	3362
1780	-2613
1781	-6119
1782	-5872
1783	8359
1784	6254
1785	-7536
1786	566
1787	-3799
1788	-4885
1789	7268
1790	976
1791	-10628
1792	-7711
1793	5140
1794	3196
1795	-1187
1796	2164
1797	6170
1798	5924
1799	-2270
1800	-6110
1801	-4361
1802	6239
1803	7020
1804	-1386
1805	-1602
1806	-3964
1807	-2518
1808	962
1809	719
1810	-58
1811	-4941
1812	-10424
1813	-6284
1814	-3657
1815	-7179
1816	359
1817	3726
1818	821
1819	6694
1820	5302
1821	419
1822	240
1823	-29
1824	-279
1825	703
1826	9107
1827	4557
1828	-1991
1829	8994
1830	767
1831	-10244
1832	2428
1833	2649
1834	-2480
1835	5152
1836	1928
1837	97
1838	3446
1839	-1064
1840	-4129
1841	-8377
1842	-5471
1843	2025
1844	-986
1845	464
1846	6819
1847	2955
1848	-171
1849	-2228
1850	-1923
1851	10734
1852	9552
1853	1326
1854	6032
1855	1049
1856	-7144
1857	451
1858	7343
1859	-783
1860	-7494
1861	-4553
1862	-5569
1863	-5796
1864	-238
1865	1526
1866	1973
1867	714
1868	5321
1869	7026
1870	-1437
1871	4827
1872	3379
1873	-4426
1874	2527
1875	5878
1876	8854
1877	8208
1878	2697
1879	103
1880	4553
1881	6306
1882	3855
1883	4246
1884	-1015
1885	614
1886	2336
1887	2043
1888	325
1889	-5195
1890	107
1891	3299
1892	1916
1893	-6312
1894	-6949
1895	8461
1896	3873
1897	-2356
1898	-768
1899	-4865
1900	5967
1901	7154
1902	-31
1903	3861
1904	-131
1905	1414
1906	7709
1907	3713
1908	-1154
1909	-897
1910	1983
1911	474
1912	-4777
1913	-1078
1914	2290
1915	-5494
1916	-8508
1917	758
1918	7843
1919	-2460
1920	-11167
1921	-2086
1922	7780
1923	1422
1924	-5382
1925	3309
1926	6254
1927	6313
1928	8023
1929	4696
1930	6672
1931	1465
1932	-5243
1933	1401
1934	8306
1935	4246
1936	-9732
1937	-8159
1938	4737
1939	1467
1940	-1002
1941	5240
1942	122
1943	2045
1944	12434
1945	2671
1946	-687
1947	8770
1948	-232
1949	-6197
1950	3887
1951	4079
1952	4469
1953	4385
1954	4543
1955	9057
1956	-2873
1957	-3121
1958	-172
1959	-8397
1960	-2270
1961	5774
1962	4217
1963	-5617
1964	-699
1965	4647
1966	-6855
1967	-3279
1968	195
1969	-242
1970	3646
1971	241
1972	3266
1973	5090
1974	-141
1975	-1262
1976	-2599
1977	-5849
1978	309
1979	9872
1980	-1256
1981	-9560
1982	-3511
1983	-7465
1984	-7367
1985	1056
1986	1460
1987	-3215
1988	-2311
1989	5010
1990	5501
1991	-4275
1992	-4642
1993	2818
1994	521
1995	-3395
1996	-2797
1997	372
1998	-752
1999	-3694
2000	1617
2001	114
2002	-4346
2003	-6460
2004	-9169
2005	320
2006	4020
2007	3344
2008	5789
2009	698
2010	7014
2011	7258
2012	-6205
2013	-6325
2014	-2543
2015	-791
2016	950
2017	-631
2018	-3353
2019	-3906
2020	-4324
2021	-1225
2022	9418
2023	9352
2024	-3496
2025	-181
2026	9664
2027	341
2028	-1049
2029	3827
2030	-1678
2031	347
2032	2768
2033	6272
2034	4109
2035	-7678
2036	-6476
2037	-4727
2038	130
2039	8352
2040	2493
2041	4904
2042	9940
2043	2157
2044	4218
2045	7974
2046	1910
2047	-191
2048	-2081
2049	-453
2050	4819
2051	4982
2052	5006
2053	2089
2054	-3193
2055	-5192
2056	-3901
2057	-2752
2058	-1051
2059	37
2060	-4155
2061	-5031
2062	-6059
2063	-2901
2064	4870
2065	730
2066	-2753
2067	-2753
2068	-1065
2069	3749
2070	10339
2071	12794
2072	-2710
2073	-3008
2074	9622
2075	4371
2076	3165
2077	512
2078	-4786
2079	-1435
2080	-1534
2081	-2289
2082	-422
2083	3156
2084	-3905
2085	-11204
2086	580
2087	261
2088	-3334
2089	5650
2090	-923
2091	-6182
2092	-2814
2093	1014
2094	5186
2095	594
2096	-4937
2097	-5483
2098	2319
2099	1599
2100	-5091
2101	3311
2102	4210
2103	-4079
2104	1550
2105	6371
2106	-4972
2107	-7694
2108	1218
2109	-109
2110	-1805
2111	-3612
2112	-5570
2113	-1200
2114	-6133
2115	-7843
2116	-3857
2117	-1657
2118	5743
2119	4773
2120	-3491
2121	-6711
2122	1843
2123	6082
2124	-535
2125	-537
2126	-1608
2127	-5809
2128	-1745
2129	1652
2130	-1110
2131	3022
2132	1500
2133	-5853
2134	-4622
2135	-3039
2136	-377
2137	-2073
2138	-7232
2139	-6695
2140	-4090
2141	-6277
2142	-6002
2143	-3031
2144	-5857
2145	4467
2146	11108
2147	-7277
2148	-10576
2149	-1964
2150	-2269
2151	-2294
2152	-7952
2153	-2151
2154	-2323
2155	-8779
2156	3621
2157	-752
2158	-4407
2159	1640
2160	-530
2161	5119
2162	3076
2163	-1212
2164	348
2165	-3897
2166	1174
2167	-1757
2168	-13118
2169	-170
2170	10354
2171	2149
2172	-163
2173	5817
2174	5173
2175	-2805
2176	2138
2177	3620
2178	-6362
2179	-3844
2180	-5055
2181	1015
2182	9193
2183	1395
2184	-2212
2185	-6024
2186	1811
2187	8341
2188	1183
2189	1780
2190	3567
2191	5984
2192	1999
2193	-1114
2194	6498
2195	4851
2196	2897
2197	5540
2198	6670
2199	4546
2200	3053
2201	6218
2202	2376
2203	2474
2204	-3214
2205	-10045
2206	-3003
2207	-4434
2208	-1900
2209	-201
2210	-3580
2211	1440
2212	611
2213	-1202
2214	4230
2215	4133
2216	-571
2217	5937
2218	9569
2219	3679
2220	859
2221	-2152
2222	-5956
2223	-2405
2224	423
2225	-9035
2226	-10496
2227	-4549
2228	-3797
2229	-5526
2230	-7390
2231	4
2232	1676
2233	-4377
2234	2374
2235	7442
2236	-2847
2237	-8517
2238	2667
2239	7356
2240	-2796
2241	-5786
2242	1216
2243	6102
2244	-900
2245	-895
2246	6910
2247	273
2248	5351
2249	9249
2250	-5811
2251	-10404
2252	-9137
2253	-2674
2254	-521
2255	-5936
2256	-1744
2257	-5389
2258	-5030
2259	4540
2260	-4354
2261	-8968
2262	-4367
2263	-4509
2264	-3281
2265	-8829
2266	-6263
2267	-6185
2268	-10772
2269	-2880
2270	-9301
2271	-5549
2272	6708
2273	-4189
2274	-1161
2275	-186
2276	-8765
2277	-6097
2278	-6323
2279	991
2280	-750
2281	-2920
2282	5402
2283	4764
2284	4859
2285	-696
2286	644
2287	8988
2288	1861
2289	1822
2290	6286
2291	-104
2292	2148
2293	6387
2294	2098
2295	-1515
2296	3039
2297	5835
2298	-508
2299	-828
2300	2257
2301	5160
2302	7057
2303	4094
2304	-1456
2305	-2719
2306	149
2307	-2993
2308	-5538
2309	-3098
2310	7881
2311	7510
2312	-6985
2313	-3485
2314	-1107
2315	-5569
2316	-6888
2317	-6988
2318	912
2319	-158
2320	-2940
2321	-2616
2322	-9585
2323	-3974
2324	-430
2325	-2230
2326	-695
2327	-6001
2328	-272
2329	4705
2330	5401
2331	5339
2332	-2095
2333	664
2334	3080
2335	6845
2336	4373
2337	-9040
2338	-5798
2339	-4531
2340	-1123
2341	2637
2342	-3413
2343	2217
2344	3600
2345	2380
2346	1027
2347	-1372
2348	3348
2349	1363
2350	-6806
2351	-3955
2352	6949
2353	1248
2354	-3646
2355	16
2356	-1848
2357	1352
2358	-751
2359	-2888
2360	395
2361	971
2362	1533
2363	-2757
2364	4172
2365	4821
2366	-12906
2367	-9289
2368	-2711
2369	-5687
2370	-6179
2371	-10192
2372	-1204
2373	4660
2374	-3336
2375	-1011
2376	1953
2377	-632
2378	5517
2379	7076
2380	1072
2381	-1275
2382	-2046
2383	6365
2384	8672
2385	3633
2386	8285
2387	656
2388	-5237
2389	7384
2390	585
2391	-2565
2392	8709
2393	555
2394	-2989
2395	-997
2396	-2063
2397	-3201
2398	-5380
2399	-175
2400	-2209
2401	-7504
2402	-4111
2403	-6240
2404	-3921
2405	853
2406	-8520
2407	-7860
2408	-872
2409	990
2410	5407
2411	1137
2412	-8406
2413	-4834
2414	4158
2415	5378
2416	5165
2417	4108
2418	8084
2419	-61
2420	-11107
2421	-2230
2422	-1497
2423	-1974
2424	-6811
2425	-11721
2426	-978
2427	1142
2428	4975
2429	4482
2430	-8410
2431	-3772
2432	2950
2433	-1517
2434	-6482
2435	-8844
2436	4991
2437	6115
2438	-3676
2439	332
2440	-8847
2441	-10305
2442	3304
2443	4782
2444	-2879
2445	-10091
2446	-7871
2447	-1214
2448	-5861
2449	-11389
2450	1921
2451	7365
2452	-1056
2453	-7419
2454	-9190
2455	5056
2456	7650
2457	1515
2458	5356
2459	3499
2460	-1053
2461	-6942
2462	267
2463	1928
2464	-7656
2465	-5803
2466	-6828
2467	-353
2468	3279
2469	-2529
2470	-3055
2471	-2116
2472	9295
2473	8966
2474	-3229
2475	1482
2476	-973
2477	-5248
2478	4273
2479	1738
2480	-3856
2481	1634
2482	5691
2483	1060
2484	-1717
2485	-1851
2486	-2703
2487	4733
2488	2635
2489	-2177
2490	3403
2491	4385
2492	3214
2493	-5915
2494	-9752
2495	513
2496	1195
2497	-275
2498	264
2499	-7429
2500	-6872
2501	599
2502	1220
2503	1970
2504	2795
2505	-4820
2506	-8487
2507	1683
2508	151
2509	-4238
2510	3659
2511	10233
2512	10121
2513	1233
2514	2884
2515	4455
2516	-7852
2517	-11149
2518	-128
2519	6583
2520	963
2521	-2923
2522	-10268
2523	-9896
2524	6821
2525	8574
2526	1500
2527	-250
2528	-1018
2529	3668
2530	1361
2531	-5294
2532	-1043
2533	2075
2534	-172
2535	-3010
2536	-2086
2537	4466
2538	4619
2539	-1477
2540	-1163
2541	2327
2542	-2892
2543	-4851
2544	140
2545	4245
2546	5777
2547	-2384
2548	964
2549	1600
2550	-12379
2551	2701
2552	11160
2553	-2730
2554	4160
2555	2815
2556	-8748
2557	-172
2558	5729
2559	2918
2560	3951
2561	2651
2562	1544
2563	-2919
2564	-210
2565	7203
2566	1341
2567	-203
2568	1711
2569	7512
2570	10134
2571	-387
2572	69
2573	4173
2574	-1158
2575	-112
2576	9368
2577	4723
2578	-4415
2579	3956
2580	2674
2581	-3830
2582	87
2583	-128
2584	2686
2585	5193
2586	966
2587	-2556
2588	-1186
2589	5689
2590	4701
2591	-495
2592	4870
2593	6313
2594	7757
2595	10674
2596	2917
2597	2312
2598	7332
2599	1983
2600	-6595
2601	-4647
2602	-5947
2603	-9327
2604	-38
2605	-5146
2606	-9137
2607	7
2608	5039
2609	8602
2610	120
2611	-4580
2612	-5039
2613	1289
2614	5746
2615	-6860
2616	-2907
2617	1164
2618	-1750
2619	-1364
2620	-3844
2621	-5106
2622	-9259
2623	-130
2624	8993
2625	1767
2626	-3179
2627	-2797
2628	10
2629	-1301
2630	-93
2631	3895
2632	-2588
2633	-3050
2634	-7526
2635	-10975
2636	5343
2637	4512
2638	-7234
2639	-3248
2640	3178
2641	3542
2642	8504
2643	9300
2644	-3387
2645	-2142
2646	4207
2647	-4868
2648	-7322
2649	532
2650	-1128
2651	-246
2652	6985
2653	1064
2654	-171
2655	3680
2656	6394
2657	10279
2658	6300
2659	1807
2660	-4278
2661	2810
2662	2844
2663	-10144
2664	-3619
2665	-5220
2666	-8840
2667	634
2668	6696
2669	3088
2670	-8781
2671	-3760
2672	5821
2673	-4878
2674	-7320
2675	8744
2676	11581
2677	1026
2678	-5348
2679	-57
2680	8877
2681	-2763
2682	-3418
2683	2470
2684	-12551
2685	-2499
2686	8927
2687	-677
2688	-1171
2689	3142
2690	7171
2691	3183
2692	2722
2693	3396
2694	1650
2695	3836
2696	418
2697	10928
2698	7686
2699	-12194
2700	-1562
2701	6460
2702	1764
2703	2622
2704	6235
2705	8756
2706	-4485
2707	-8069
2708	5024
2709	4159
2710	1047
2711	2755
2712	-1926
2713	-3791
2714	5790
2715	13731
2716	3913
2717	858
2718	9656
2719	3919
2720	-5212
2721	-6591
2722	2399
2723	10787
2724	-1676
2725	-3594
2726	13707
2727	6154
2728	-7862
2729	-3593
2730	326
2731	5140
2732	3460
2733	-7496
2734	-4498
2735	2289
2736	64
2737	-523
2738	-6026
2739	-133
2740	6864
2741	-446
2742	4175
2743	-679
2744	-7124
2745	2391
2746	1372
2747	1170
2748	6865
2749	2626
2750	-932
2751	-275
2752	319
2753	3902
2754	3015
2755	848
2756	237
2757	175
2758	3768
2759	4520
2760	-4220
2761	-8712
2762	-326
2763	-278
2764	-5714
2765	-6849
2766	-8485
2767	-3909
2768	1123
2769	-7025
2770	-7425
2771	-832
2772	-2664
2773	4163
2774	3071
2775	-1294
2776	2124
2777	6525
2778	11230
2779	6533
2780	2732
2781	-5694
2782	-5677
2783	-3626
2784	-7486
2785	-2202
2786	-7003
2787	-3205
2788	1312
2789	-2237
2790	7389
2791	3494
2792	-2504
2793	5300
2794	1736
2795	624
2796	5754
2797	278
2798	-4153
2799	-2014
2800	-1645
2801	296
2802	7157
2803	5339
2804	747
2805	469
2806	1208
2807	3314
2808	3551
2809	758
2810	-1471
2811	4258
2812	-3910
2813	-11554
2814	-3325
2815	-7995
2816	-12053
2817	-7728
2818	-1483
2819	-1660
2820	-7940
2821	1297
2822	4549
2823	-6071
2824	-4494
2825	-5471
2826	-6621
2827	2465
2828	-2217
2829	-6523
2830	936
2831	-823
2832	-3016
2833	-395
2834	1378
2835	2259
2836	-3530
2837	-4639
2838	3417
2839	6848
2840	1829
2841	739
2842	617
2843	-6952
2844	224
2845	6397
2846	-5895
2847	-7713
2848	-263
2849	7914
2850	3380
2851	-7118
2852	3314
2853	6181
2854	-1997
2855	-2841
2856	-1856
2857	2714
2858	3627
2859	5730
2860	5015
2861	-2807
2862	-1833
2863	1945
2864	2356
2865	-3691
2866	-3018
2867	7756
2868	3093
2869	1685
2870	5869
2871	-3720
2872	-3763
2873	3366
2874	4596
2875	-1669
2876	-8365
2877	5244
2878	8127
2879	-2532
2880	826
2881	-3318
2882	-4654
2883	2328
2884	656
2885	-4588
2886	-3131
2887	2872
2888	-1670
2889	-3431
2890	697
2891	-701
2892	-2272
2893	1726
2894	6724
2895	1204
2896	-6799
2897	584
2898	9382
2899	-336
2900	-7066
2901	-2459
2902	-789
2903	4282
2904	11058
2905	-2609
2906	-13144
2907	-4039
2908	-4214
2909	-1625
2910	-4726
2911	-8421
2912	6697
2913	702
2914	-8058
2915	-1352
2916	-2816
2917	-1707
2918	-7418
2919	-14937
2920	-4677
2921	-1866
2922	-3470
2923	983
2924	-8971
2925	-11872
2926	-3968
2927	-2800
2928	900
2929	-6808
2930	-11145
2931	-663
2932	1486
2933	2534
2934	-938
2935	-7552
2936	888
2937	8560
2938	2180
2939	-9090
2940	-11074
2941	831
2942	6885
2943	755
2944	-6137
2945	-6759
2946	103
2947	1880
2948	-908
2949	281
2950	2341
2951	4396
2952	4743
2953	2575
2954	-3892
2955	-724
2956	4261
2957	-3474
2958	-610
2959	-824
2960	-1910
2961	11053
2962	11820
2963	6599
2964	5317
2965	-271
2966	-1174
2967	3877
2968	6436
2969	1676
2970	-6769
2971	306
2972	5370
2973	-2794
2974	-640
2975	-3273
2976	-2000
2977	5200
2978	-5163
2979	-5414
2980	-3363
2981	-2073
2982	8655
2983	1188
2984	-577
2985	-1626
2986	-7559
2987	-5614
2988	-13346
2989	-5379
2990	-2950
2991	-9716
2992	-4543
2993	-2990
2994	2616
2995	473
2996	427
2997	7594
2998	8084
2999	7722
3000	6290
3001	2642
3002	5983
3003	13340
3004	4992
3005	-881
3006	5829
3007	5907
3008	-332
3009	-1584
3010	-2354
3011	-6368
3012	-1829
3013	-1931
3014	-2588
3015	4935
3016	2853
3017	3072
3018	6703
3019	11613
3020	10893
3021	-7217
3022	-5261
3023	4336
3024	-2489
3025	6163
3026	10041
3027	59
3028	729
3029	829
3030	-132
3031	279
3032	3057
3033	1506
3034	-242
3035	1146
3036	-5824
3037	4882
3038	7502
3039	-10221
3040	-3400
3041	5985
3042	-910
3043	3429
3044	10805
3045	2310
3046	-446
3047	-566
3048	-4452
3049	-5300
3050	-9838
3051	-4701
3052	-959
3053	-5815
3054	832
3055	2469
3056	-3947
3057	-430
3058	4354
3059	3703
3060	1198
3061	-3556
3062	-5704
3063	-4829
3064	-5877
3065	-2110
3066	-2583
3067	-4609
3068	5242
3069	3640
3070	-782
3071	2473
3072	152
3073	4364
3074	5517
3075	3922
3076	4511
3077	-2850
3078	-2123
3079	-347
3080	-5994
3081	1227
3082	2786
3083	-8862
3084	-2044
3085	9158
3086	5723
3087	-3768
3088	-3248
3089	7139
3090	-46
3091	-8625
3092	-2415
3093	-5195
3094	-8986
3095	-7028
3096	-4765
3097	4007
3098	4250
3099	3318
3100	6361
3101	-1735
3102	-2622
3103	-869
3104	-5751
3105	-2031
3106	5252
3107	7634
3108	-3023
3109	-6868
3110	4721
3111	3496
3112	1339
3113	2607
3114	1968
3115	-1857
3116	-7860
3117	-3686
3118	-270
3119	825
3120	-593
3121	1951
3122	1631
3123	-5010
3124	3893
3125	6886
3126	989
3127	-2151
3128	-3190
3129	8557
3130	11113
3131	1480
3132	-1101
3133	-2229
3134	3648
3135	6501
3136	-1568
3137	3837
3138	7898
3139	866
3140	2479
3141	2042
3142	865
3143	2271
3144	1828
3145	4732
3146	5745
3147	9505
3148	6568
3149	-1991
3150	-1384
3151	-2550
3152	-4786
3153	-6539
3154	-6053
3155	-3241
3156	-6123
3157	-619
3158	5445
3159	-5133
3160	-5889
3161	1085
3162	-982
3163	53
3164	242
3165	-2709
3166	-3788
3167	-4873
3168	-1133
3169	1834
3170	879
3171	4616
3172	83
3173	-4626
3174	-3586
3175	-10298
3176	-5874
3177	4466
3178	4729
3179	4000
3180	1867
3181	1708
3182	6617
3183	1950
3184	-1646
3185	4845
3186	2107
3187	-2542
3188	-1733
3189	987
3190	964
3191	-5784
3192	-5344
3193	4124
3194	1064
3195	-8776
3196	-2201
3197	2125
3198	-5046
3199	-4218
3200	-899
3201	-3054
3202	-5378
3203	-6984
3204	-4515
3205	-6568
3206	-8044
3207	-5597
3208	-8938
3209	-6862
3210	-2011
3211	-151
3212	-5151
3213	-4517
3214	5981
3215	5829
3216	204
3217	-343
3218	1842
3219	527
3220	6363
3221	9289
3222	-1140
3223	-3686
3224	1190
3225	1507
3226	-4637
3227	1111
3228	2241
3229	-6492
3230	1348
3231	-1492
3232	-1291
3233	14073
3234	6183
3235	-8067
3236	-2367
3237	3193
3238	3349
3239	3844
3240	-367
3241	6137
3242	8047
3243	-1369
3244	-470
3245	810
3246	1137
3247	1389
3248	3214
3249	7627
3250	4892
3251	3264
3252	1060
3253	-3706
3254	-2068
3255	2800
3256	7900
3257	1706
3258	-4992
3259	3488
3260	6897
3261	4200
3262	618
3263	737
3264	9554
3265	10082
3266	10766
3267	10800
3268	-3406
3269	-6918
3270	3541
3271	7917
3272	8102
3273	2553
3274	-5741
3275	-3996
3276	304
3277	1712
3278	948
3279	-5264
3280	-4697
3281	2773
3282	-2622
3283	-11751
3284	-2771
3285	8766
3286	7492
3287	7367
3288	-1458
3289	-8055
3290	-1577
3291	-5302
3292	697
3293	3682
3294	-416
3295	4665
3296	-6194
3297	-7251
3298	-427
3299	-4352
3300	4038
3301	2551
3302	-3353
3303	5269
3304	5577
3305	63
3306	-5295
3307	-4043
3308	-2134
3309	-5234
3310	-1817
3311	-1104
3312	-526
3313	4129
3314	5735
3315	1319
3316	-3838
3317	-5393
3318	1783
3319	4182
3320	-6708
3321	1215
3322	6766
3323	624
3324	2353
3325	-4627
3326	-3828
3327	1286
3328	-1253
3329	5336
3330	4945
3331	22
3332	4545
3333	7136
3334	2760
3335	-241
3336	4340
3337	4686
3338	2485
3339	2129
3340	4872
3341	4650
3342	6975
3343	11090
3344	-8763
3345	-12661
3346	-1719
3347	-11500
3348	-1812
3349	6491
3350	-8355
3351	-5940
3352	-1032
3353	-34
3354	2044
3355	-5213
3356	-959
3357	2288
3358	-3672
3359	864
3360	-1138
3361	-8160
3362	-5568
3363	886
3364	3873
3365	-4071
3366	-2370
3367	4041
3368	-2547
3369	-4363
3370	-2011
3371	3848
3372	4617
3373	-1064
3374	-3353
3375	-2433
3376	128
3377	-150
3378	5676
3379	2651
3380	-4459
3381	-6362
3382	-10476
3383	-2326
3384	-478
3385	-2835
3386	6361
3387	8527
3388	-4788
3389	-6336
3390	5790
3391	-1533
3392	1497
3393	5580
3394	-3723
3395	-323
3396	-3517
3397	-235
3398	3818
3399	272
3400	-590
3401	-4844
3402	-3184
3403	-651
3404	-42
3405	-7609
3406	-270
3407	15395
3408	260
3409	-9905
3410	-10559
3411	-12417
3412	-6423
3413	-374
3414	233
3415	-9332
3416	-4504
3417	-1709
3418	-7328
3419	6572
3420	12304
3421	2374
3422	-573
3423	2525
3424	-897
3425	2694
3426	9705
3427	-1177
3428	-5869
3429	-984
3430	-2538
3431	-818
3432	-1289
3433	-1054
3434	-544
3435	-8702
3436	-3197
3437	4240
3438	-1680
3439	1787
3440	-2515
3441	-11927
3442	315
3443	2031
3444	-1440
3445	3687
3446	611
3447	1485
3448	904
3449	-3201
3450	-5461
3451	-2845
3452	1458
3453	-1393
3454	1011
3455	-403
3456	-10273
3457	-3021
3458	3229
3459	-2384
3460	3967
3461	231
3462	-5461
3463	4733
3464	576
3465	-8295
3466	-785
3467	7763
3468	6691
3469	3541
3470	-1080
3471	-7257
3472	-572
3473	5819
3474	-5018
3475	-3682
3476	1200
3477	-4878
3478	-3972
3479	-5545
3480	-3695
3481	-1334
3482	-3820
3483	8442
3484	11161
3485	-5163
3486	-1531
3487	7723
3488	-2376
3489	-7785
3490	-4151
3491	5504
3492	7382
3493	-2421
3494	5357
3495	9714
3496	4769
3497	1550
3498	1112
3499	6482
3500	-1132
3501	-2591
3502	-1208
3503	-6866
3504	-1251
3505	2519
3506	-299
3507	-164
3508	-4114
3509	-10300
3510	-1891
3511	4446
3512	-519
3513	935
3514	2558
3515	-2869
3516	-4580
3517	1230
3518	3075
3519	1271
3520	948
3521	-1627
3522	-1329
3523	2516
3524	2279
3525	-3372
3526	-4350
3527	412
3528	4251
3529	3773
3530	-11180
3531	-9805
3532	10235
3533	5146
3534	304
3535	-1497
3536	-9881
3537	-1154
3538	7814
3539	5141
3540	-5481
3541	-6490
3542	-16
3543	-952
3544	7038
3545	8068
3546	-6404
3547	-5675
3548	-672
3549	-3569
3550	4904
3551	7199
3552	2642
3553	10125
3554	3656
3555	-7048
3556	4201
3557	8088
3558	5066
3559	8226
3560	4003
3561	4958
3562	5317
3563	754
3564	2963
3565	-4372
3566	-4412
3567	7504
3568	638
3569	-2452
3570	3327
3571	-2145
3572	-1972
3573	4101
3574	1901
3575	-1949
3576	-143
3577	33
3578	-3443
3579	-3301
3580	672
3581	1760
3582	-662
3583	-5881
3584	-6599
3585	3279
3586	3072
3587	-1243
3588	-1163
3589	-5274
3590	1894
3591	2850
3592	-5964
3593	2909
3594	7477
3595	-3511
3596	818
3597	5086
3598	-12430
3599	-10039
3600	4392
3601	-2567
3602	-3296
3603	2539
3604	246
3605	-1587
3606	726
3607	8326
3608	2580
3609	-9093
3610	705
3611	4728
3612	-2915
3613	5660
3614	9777
3615	293
3616	-202
3617	-375
3618	-9361
3619	-9316
3620	-1876
3621	-3311
3622	-4462
3623	-3391
3624	-971
3625	8412
3626	10918
3627	6583
3628	2437
3629	-1674
3630	2504
3631	8287
3632	249
3633	-4488
3634	-513
3635	-1007
3636	533
3637	-5955
3638	-7523
3639	1670
3640	2422
3641	1226
3642	-3596
3643	-2560
3644	-4107
3645	-5594
3646	2004
3647	-5532
3648	-7045
3649	-2196
3650	-7131
3651	-394
3652	5714
3653	-2682
3654	-5371
3655	-1313
3656	-4629
3657	-6559
3658	1648
3659	-666
3660	-9553
3661	-2469
3662	8474
3663	4376
3664	-3881
3665	-1715
3666	-8202
3667	-9438
3668	-1008
3669	5622
3670	12515
3671	-2242
3672	-1936
3673	4255
3674	-11005
3675	-7188
3676	-4249
3677	-12395
3678	-6550
3679	8083
3680	13764
3681	5824
3682	3742
3683	4897
3684	362
3685	177
3686	3197
3687	6773
3688	3876
3689	-447
3690	-2048
3691	-1033
3692	3562
3693	4407
3694	7997
3695	6850
3696	5412
3697	8467
3698	4683
3699	7694
3700	8838
3701	-3423
3702	728
3703	9941
3704	-1668
3705	-5883
3706	4926
3707	7066
3708	-814
3709	63
3710	2113
3711	-2666
3712	166
3713	2054
3714	2535
3715	6135
3716	-1567
3717	-5634
3718	6563
3719	5639
3720	-985
3721	7106
3722	4741
3723	-4156
3724	-4447
3725	-2757
3726	2087
3727	0
3728	-2447
3729	329
3730	-448
3731	1280
3732	-2518
3733	986
3734	8033
3735	-1288
3736	-2738
3737	2012
3738	7595
3739	11529
3740	-4293
3741	-6695
3742	8190
3743	4271
3744	4437
3745	3775
3746	-11037
3747	-12752
3748	-6788
3749	332
3750	3910
3751	-1264
3752	293
3753	7643
3754	1638
3755	-10193
3756	2044
3757	15920
3758	4274
3759	-1393
3760	11485
3761	14748
3762	-1157
3763	-2279
3764	7524
3765	-306
3766	2229
3767	9065
3768	-2865
3769	-2607
3770	-3526
3771	-9317
3772	7959
3773	4532
3774	-633
3775	14706
3776	1301
3777	-5476
3778	9949
3779	7560
3780	-2310
3781	-3209
3782	-7162
3783	-3572
3784	3949
3785	-1561
3786	4731
3787	10196
3788	1203
3789	1050
3790	2301
3791	-3102
3792	-2675
3793	-1151
3794	-6774
3795	-2142
3796	5514
3797	-1704
3798	-6198
3799	-2721
3800	729
3801	-4223
3802	-8991
3803	-3561
3804	-3339
3805	-4864
3806	-2378
3807	-250
3808	-915
3809	-2258
3810	-6665
3811	-9495
3812	-1190
3813	-278
3814	-2191
3815	-7457
3816	-10509
3817	935
3818	-5324
3819	-3334
3820	-704
3821	-12226
3822	4277
3823	7987
3824	1173
3825	6008
3826	3672
3827	8435
3828	8158
3829	7951
3830	9225
3831	-6259
3832	-2722
3833	9003
3834	2055
3835	7906
3836	8238
3837	-7840
3838	-5855
3839	4538
3840	-256
3841	-3021
3842	662
3843	-997
3844	569
3845	-1251
3846	-1330
3847	-5122
3848	-8823
3849	4039
3850	6577
3851	293
3852	-5012
3853	108
3854	5986
3855	-1487
3856	6771
3857	5209
3858	-3838
3859	-1371
3860	-3693
3861	2615
3862	345
3863	-11
3864	3596
3865	-6781
3866	-5290
3867	-4680
3868	-7121
3869	2667
3870	2621
3871	-4111
3872	3695
3873	7626
3874	2317
3875	1616
3876	-1030
3877	160
3878	1416
3879	-743
3880	898
3881	-6591
3882	-8342
3883	3507
3884	2143
3885	-2158
3886	2078
3887	3706
3888	-2724
3889	-4941
3890	412
3891	-1894
3892	5863
3893	8755
3894	-357
3895	7359
3896	4314
3897	-3336
3898	5530
3899	5589
3900	2478
3901	-1599
3902	-7996
3903	3196
3904	4073
3905	-8703
3906	-2356
3907	6174
3908	1477
3909	-7293
3910	563
3911	8961
3912	232
3913	5730
3914	10057
3915	-3156
3916	-8546
3917	-1961
3918	1830
3919	-3218
3920	113
3921	2768
3922	-9061
3923	-5875
3924	4925
3925	-3492
3926	-9474
3927	-3518
3928	3619
3929	788
3930	-10534
3931	-4584
3932	8088
3933	-337
3934	-10627
3935	-2000
3936	6481
3937	3756
3938	-36
3939	1113
3940	-3922
3941	-5758
3942	4950
3943	6783
3944	1430
3945	-6965
3946	-2238
3947	10666
3948	522
3949	-6740
3950	5963
3951	9242
3952	-684
3953	102
3954	4685
3955	2668
3956	251
3957	-2001
3958	-899
3959	-7085
3960	-6669
3961	7002
3962	3510
3963	-2943
3964	-715
3965	-5037
3966	-2890
3967	2821
3968	2690
3969	2148
3970	-403
3971	10416
3972	9553
3973	-6601
3974	4757
3975	8406
3976	-3032
3977	5886
3978	4546
3979	-3135
3980	7469
3981	-1068
3982	-11914
3983	-4872
3984	-7990
3985	-4116
3986	-491
3987	-1128
3988	10010
3989	7926
3990	-2231
3991	-1441
3992	4387
3993	6648
3994	-45
3995	-3941
3996	3483
3997	5482
3998	1689
3999	1443
4000	-455
4001	-4663
4002	-6863
4003	-1866
4004	1467
4005	3488
4006	3537
4007	-22
4008	6294
4009	5607
4010	-1504
4011	1630
4012	4235
4013	-1126
4014	-4756
4015	1383
4016	408
4017	-115
4018	-224
4019	-9452
4020	-6880
4021	-5304
4022	-6828
4023	-2348
4024	-3039
4025	-6332
4026	-251
4027	10270
4028	2859
4029	-1284
4030	3900
4031	632
4032	-1078
4033	-3200
4034	379
4035	2985
4036	2565
4037	3769
4038	-1843
4039	305
4040	5851
4041	5715
4042	3876
4043	-566
4044	1209
4045	3758
4046	-2048
4047	1270
4048	7190
4049	2593
4050	2828
4051	-1311
4052	-5603
4053	4691
4054	-1030
4055	-4026
4056	12251
4057	2158
4058	-10714
4059	-4395
4060	2302
4061	5572
4062	2266
4063	4956
4064	3682
4065	-2862
4066	-1352
4067	-3141
4068	-2178
4069	-206
4070	2410
4071	8428
4072	-1648
4073	-5885
4074	4225
4075	-155
4076	-9944
4077	-9827
4078	-415
4079	4194
4080	-6631
4081	-8880
4082	334
4083	-4672
4084	-7555
4085	1126
4086	3022
4087	4115
4088	1160
4089	-5414
4090	-2764
4091	-226
4092	-4428
4093	-10835
4094	-6038
4095	7887
